time;NETWORK__BUS____1_TN_Upu_value;NETWORK__BUS____2_TN_Upu_value;NETWORK__BUS____3_TN_Upu_value;NETWORK__BUS____4_TN_Upu_value;NETWORK__BUS____5_TN_Upu_value;NETWORK__BUS____6_TN_Upu_value;NETWORK__BUS____7_TN_Upu_value;NETWORK__BUS____8_TN_Upu_value;NETWORK__BUS____9_TN_Upu_value;NETWORK__BUS___10_TN_Upu_value;NETWORK__BUS___11_TN_Upu_value;NETWORK__BUS___12_TN_Upu_value;NETWORK__BUS___13_TN_Upu_value;NETWORK__BUS___14_TN_Upu_value;GEN____1_SM_generator_omegaPu;GEN____1_SM_generator_PGen;GEN____1_SM_generator_QGen;GEN____1_SM_generator_UStatorPu;GEN____1_SM_voltageRegulator_EfdPu;GEN____2_SM_generator_omegaPu;GEN____2_SM_generator_PGen;GEN____2_SM_generator_QGen;GEN____2_SM_generator_UStatorPu;GEN____2_SM_voltageRegulator_EfdPu;GEN____3_SM_generator_omegaPu;GEN____3_SM_generator_PGen;GEN____3_SM_generator_QGen;GEN____3_SM_generator_UStatorPu;GEN____3_SM_voltageRegulator_EfdPu;GEN____6_SM_generator_omegaPu;GEN____6_SM_generator_PGen;GEN____6_SM_generator_QGen;GEN____6_SM_generator_UStatorPu;GEN____6_SM_voltageRegulator_EfdPu;GEN____8_SM_generator_omegaPu;GEN____8_SM_generator_PGen;GEN____8_SM_generator_QGen;GEN____8_SM_generator_UStatorPu;GEN____8_SM_voltageRegulator_EfdPu;
0.000000;1.059970;1.045041;1.010001;1.017703;1.019553;1.070149;1.061530;1.089926;1.055982;1.051051;1.057013;1.055333;1.050525;1.035657;1.000000;232.329600;-16.691081;1.058824;1.436653;1.000000;40.126164;43.675413;1.048778;1.269366;1.000000;-0.074837;25.065944;1.011505;1.112250;1.000000;0.005608;12.802789;1.070149;1.461749;1.000000;-0.006408;17.569939;1.096374;1.194231;
0.000001;1.059970;1.045041;1.010001;1.017703;1.019553;1.070149;1.061530;1.089926;1.055982;1.051051;1.057013;1.055333;1.050525;1.035657;1.000000;232.329591;-16.691103;1.058824;1.436653;1.000000;40.126174;43.675409;1.048778;1.269365;1.000000;-0.074846;25.065932;1.011505;1.112250;1.000000;0.005628;12.802834;1.070149;1.461748;1.000000;-0.006411;17.569930;1.096374;1.194231;
0.000002;1.059970;1.045041;1.010001;1.017703;1.019553;1.070149;1.061530;1.089926;1.055982;1.051051;1.057013;1.055333;1.050525;1.035657;1.000000;232.329592;-16.691102;1.058824;1.436653;1.000000;40.126174;43.675408;1.048778;1.269365;1.000000;-0.074846;25.065933;1.011505;1.112250;1.000000;0.005628;12.802834;1.070149;1.461748;1.000000;-0.006411;17.569930;1.096374;1.194231;
0.000004;1.059970;1.045041;1.010001;1.017703;1.019553;1.070149;1.061530;1.089926;1.055982;1.051051;1.057013;1.055333;1.050525;1.035657;1.000000;232.329593;-16.691100;1.058824;1.436653;1.000000;40.126172;43.675408;1.048778;1.269365;1.000000;-0.074845;25.065933;1.011505;1.112250;1.000000;0.005626;12.802831;1.070149;1.461748;1.000000;-0.006410;17.569930;1.096374;1.194231;
0.000008;1.059970;1.045041;1.010001;1.017703;1.019553;1.070149;1.061530;1.089926;1.055982;1.051051;1.057013;1.055333;1.050525;1.035657;1.000000;232.329594;-16.691100;1.058824;1.436653;1.000000;40.126171;43.675407;1.048778;1.269365;1.000000;-0.074845;25.065933;1.011505;1.112250;1.000000;0.005627;12.802833;1.070149;1.461748;1.000000;-0.006411;17.569930;1.096374;1.194231;
0.000016;1.059970;1.045041;1.010001;1.017703;1.019553;1.070149;1.061530;1.089926;1.055982;1.051051;1.057013;1.055333;1.050525;1.035657;1.000000;232.329597;-16.691096;1.058824;1.436653;1.000000;40.126167;43.675404;1.048778;1.269365;1.000000;-0.074843;25.065933;1.011505;1.112250;1.000000;0.005627;12.802831;1.070149;1.461748;1.000000;-0.006410;17.569930;1.096374;1.194231;
0.000032;1.059970;1.045041;1.010001;1.017703;1.019553;1.070149;1.061530;1.089926;1.055982;1.051051;1.057013;1.055333;1.050525;1.035657;1.000000;232.329602;-16.691089;1.058824;1.436653;1.000000;40.126159;43.675400;1.048778;1.269366;1.000000;-0.074840;25.065933;1.011505;1.112250;1.000000;0.005625;12.802827;1.070149;1.461748;1.000000;-0.006410;17.569931;1.096374;1.194231;
0.000064;1.059970;1.045041;1.010001;1.017703;1.019553;1.070149;1.061530;1.089926;1.055982;1.051051;1.057013;1.055333;1.050525;1.035657;1.000000;232.329614;-16.691074;1.058824;1.436652;1.000000;40.126143;43.675391;1.048778;1.269366;1.000000;-0.074835;25.065934;1.011505;1.112250;1.000000;0.005623;12.802820;1.070149;1.461748;1.000000;-0.006410;17.569932;1.096374;1.194231;
0.000128;1.059970;1.045041;1.010001;1.017703;1.019553;1.070149;1.061530;1.089926;1.055982;1.051051;1.057013;1.055333;1.050525;1.035657;1.000000;232.329636;-16.691046;1.058824;1.436652;1.000000;40.126111;43.675373;1.048778;1.269366;1.000000;-0.074824;25.065936;1.011505;1.112250;1.000000;0.005617;12.802805;1.070149;1.461749;1.000000;-0.006408;17.569934;1.096374;1.194231;
0.000256;1.059970;1.045041;1.010001;1.017703;1.019553;1.070149;1.061530;1.089926;1.055982;1.051051;1.057013;1.055333;1.050525;1.035657;1.000000;232.329682;-16.690988;1.058824;1.436652;1.000000;40.126046;43.675336;1.048778;1.269366;1.000000;-0.074802;25.065939;1.011505;1.112250;1.000000;0.005607;12.802776;1.070149;1.461750;1.000000;-0.006406;17.569939;1.096374;1.194231;
0.000512;1.059970;1.045041;1.010001;1.017703;1.019553;1.070149;1.061530;1.089926;1.055982;1.051051;1.057013;1.055333;1.050524;1.035656;1.000000;232.329772;-16.690874;1.058824;1.436651;1.000000;40.125918;43.675264;1.048778;1.269366;1.000000;-0.074759;25.065945;1.011505;1.112250;1.000000;0.005586;12.802718;1.070149;1.461752;1.000000;-0.006402;17.569948;1.096374;1.194231;
0.001024;1.059970;1.045041;1.010001;1.017703;1.019553;1.070149;1.061530;1.089926;1.055982;1.051051;1.057013;1.055333;1.050524;1.035656;1.000000;232.329953;-16.690647;1.058824;1.436649;1.000000;40.125662;43.675120;1.048778;1.269367;1.000000;-0.074672;25.065956;1.011505;1.112250;1.000000;0.005545;12.802605;1.070149;1.461756;1.000000;-0.006393;17.569966;1.096374;1.194232;
0.002048;1.059970;1.045040;1.010001;1.017703;1.019553;1.070148;1.061529;1.089925;1.055981;1.051051;1.057013;1.055332;1.050524;1.035656;1.000000;232.330314;-16.690200;1.058825;1.436645;1.000000;40.125151;43.674835;1.048778;1.269369;1.000000;-0.074499;25.065977;1.011505;1.112250;1.000000;0.005465;12.802388;1.070148;1.461764;1.000000;-0.006376;17.569999;1.096374;1.194233;
0.004096;1.059971;1.045040;1.010001;1.017703;1.019552;1.070147;1.061529;1.089925;1.055981;1.051051;1.057012;1.055332;1.050523;1.035656;1.000000;232.331031;-16.689335;1.058825;1.436637;1.000000;40.124135;43.674274;1.048777;1.269373;1.000000;-0.074158;25.066007;1.011505;1.112250;1.000000;0.005317;12.801992;1.070147;1.461779;1.000000;-0.006343;17.570059;1.096374;1.194235;
0.008192;1.059971;1.045040;1.010001;1.017703;1.019552;1.070146;1.061529;1.089925;1.055981;1.051050;1.057011;1.055330;1.050522;1.035655;1.000000;232.332454;-16.687710;1.058826;1.436622;1.000000;40.122122;43.673194;1.048777;1.269380;1.000000;-0.073488;25.066031;1.011505;1.112249;1.000000;0.005059;12.801334;1.070146;1.461804;1.000000;-0.006280;17.570150;1.096373;1.194238;
0.016384;1.059972;1.045040;1.010001;1.017702;1.019552;1.070145;1.061528;1.089925;1.055980;1.051049;1.057010;1.055329;1.050521;1.035654;1.000000;232.335268;-16.684833;1.058827;1.436593;1.000000;40.118160;43.671199;1.048776;1.269390;1.000000;-0.072184;25.065952;1.011505;1.112248;1.000000;0.004661;12.800468;1.070145;1.461836;1.000000;-0.006167;17.570236;1.096373;1.194244;
0.027036;1.059974;1.045039;1.010001;1.017702;1.019552;1.070144;1.061528;1.089925;1.055980;1.051049;1.057009;1.055328;1.050520;1.035653;1.000000;232.338904;-16.681687;1.058829;1.436557;1.000000;40.113069;43.668918;1.048776;1.269400;1.000000;-0.070516;25.065660;1.011505;1.112245;1.000000;0.004284;12.799980;1.070144;1.461853;1.000000;-0.006029;17.570211;1.096373;1.194249;
0.027036;1.059974;1.045039;1.010001;1.017702;1.019552;1.070144;1.061528;1.089925;1.055980;1.051049;1.057009;1.055328;1.050520;1.035653;1.000000;232.338904;-16.681687;1.058829;1.436557;1.000000;40.113069;43.668918;1.048776;1.269400;1.000000;-0.070516;25.065660;1.011505;1.112245;1.000000;0.004284;12.799980;1.070144;1.461853;1.000000;-0.006029;17.570211;1.096373;1.194249;
0.027037;1.059974;1.045039;1.010001;1.017702;1.019552;1.070144;1.061528;1.089925;1.055980;1.051049;1.057009;1.055328;1.050520;1.035653;1.000000;232.338904;-16.681686;1.058829;1.436557;1.000000;40.113069;43.668918;1.048776;1.269400;1.000000;-0.070516;25.065660;1.011505;1.112245;1.000000;0.004284;12.799980;1.070144;1.461853;1.000000;-0.006029;17.570211;1.096373;1.194249;
0.027038;1.059974;1.045039;1.010001;1.017702;1.019552;1.070144;1.061528;1.089925;1.055980;1.051049;1.057009;1.055328;1.050520;1.035653;1.000000;232.338904;-16.681686;1.058829;1.436557;1.000000;40.113068;43.668917;1.048776;1.269400;1.000000;-0.070516;25.065660;1.011505;1.112245;1.000000;0.004284;12.799980;1.070144;1.461853;1.000000;-0.006029;17.570211;1.096373;1.194249;
0.027040;1.059974;1.045039;1.010001;1.017702;1.019552;1.070144;1.061528;1.089925;1.055980;1.051049;1.057009;1.055328;1.050520;1.035653;1.000000;232.338905;-16.681686;1.058829;1.436557;1.000000;40.113068;43.668917;1.048776;1.269400;1.000000;-0.070515;25.065660;1.011505;1.112245;1.000000;0.004284;12.799980;1.070144;1.461853;1.000000;-0.006029;17.570211;1.096373;1.194249;
0.027044;1.059974;1.045039;1.010001;1.017702;1.019552;1.070144;1.061528;1.089925;1.055980;1.051049;1.057009;1.055328;1.050520;1.035653;1.000000;232.338906;-16.681685;1.058829;1.436557;1.000000;40.113066;43.668916;1.048776;1.269400;1.000000;-0.070515;25.065660;1.011505;1.112245;1.000000;0.004284;12.799980;1.070144;1.461853;1.000000;-0.006029;17.570211;1.096373;1.194249;
0.027052;1.059974;1.045039;1.010001;1.017702;1.019552;1.070144;1.061528;1.089925;1.055980;1.051049;1.057009;1.055328;1.050520;1.035653;1.000000;232.338909;-16.681683;1.058829;1.436557;1.000000;40.113062;43.668915;1.048776;1.269400;1.000000;-0.070514;25.065659;1.011505;1.112245;1.000000;0.004284;12.799980;1.070144;1.461853;1.000000;-0.006029;17.570211;1.096373;1.194249;
0.027068;1.059974;1.045039;1.010001;1.017702;1.019552;1.070144;1.061528;1.089925;1.055980;1.051049;1.057009;1.055328;1.050520;1.035653;1.000000;232.338915;-16.681678;1.058829;1.436557;1.000000;40.113054;43.668912;1.048776;1.269400;1.000000;-0.070511;25.065659;1.011505;1.112245;1.000000;0.004283;12.799980;1.070144;1.461853;1.000000;-0.006029;17.570211;1.096373;1.194249;
0.027100;1.059974;1.045039;1.010001;1.017702;1.019552;1.070144;1.061528;1.089925;1.055980;1.051049;1.057009;1.055328;1.050520;1.035653;1.000000;232.338925;-16.681670;1.058829;1.436557;1.000000;40.113039;43.668905;1.048776;1.269400;1.000000;-0.070506;25.065657;1.011505;1.112245;1.000000;0.004283;12.799980;1.070144;1.461853;1.000000;-0.006029;17.570210;1.096373;1.194249;
0.027164;1.059974;1.045039;1.010001;1.017702;1.019552;1.070144;1.061528;1.089925;1.055980;1.051049;1.057009;1.055328;1.050520;1.035653;1.000000;232.338947;-16.681654;1.058829;1.436557;1.000000;40.113009;43.668893;1.048776;1.269400;1.000000;-0.070497;25.065655;1.011505;1.112245;1.000000;0.004281;12.799981;1.070144;1.461853;1.000000;-0.006028;17.570210;1.096373;1.194249;
0.027292;1.059974;1.045039;1.010001;1.017702;1.019552;1.070144;1.061528;1.089925;1.055980;1.051049;1.057009;1.055328;1.050520;1.035653;1.000000;232.338990;-16.681621;1.058829;1.436556;1.000000;40.112949;43.668868;1.048776;1.269400;1.000000;-0.070477;25.065649;1.011505;1.112245;1.000000;0.004278;12.799981;1.070144;1.461853;1.000000;-0.006026;17.570208;1.096373;1.194249;
0.027548;1.059974;1.045039;1.010001;1.017702;1.019552;1.070144;1.061528;1.089925;1.055980;1.051049;1.057009;1.055328;1.050520;1.035653;1.000000;232.339077;-16.681557;1.058829;1.436555;1.000000;40.112828;43.668818;1.048776;1.269401;1.000000;-0.070438;25.065639;1.011505;1.112245;1.000000;0.004272;12.799982;1.070144;1.461853;1.000000;-0.006023;17.570205;1.096373;1.194249;
0.028060;1.059974;1.045039;1.010001;1.017702;1.019552;1.070144;1.061528;1.089925;1.055980;1.051049;1.057009;1.055328;1.050520;1.035653;1.000000;232.339250;-16.681428;1.058829;1.436554;1.000000;40.112587;43.668718;1.048776;1.269401;1.000000;-0.070360;25.065617;1.011505;1.112245;1.000000;0.004261;12.799985;1.070144;1.461853;1.000000;-0.006017;17.570198;1.096373;1.194249;
0.029084;1.059974;1.045039;1.010001;1.017702;1.019552;1.070144;1.061528;1.089925;1.055980;1.051049;1.057009;1.055328;1.050520;1.035653;1.000000;232.339595;-16.681174;1.058829;1.436550;1.000000;40.112105;43.668521;1.048776;1.269402;1.000000;-0.070204;25.065573;1.011505;1.112244;1.000000;0.004239;12.799996;1.070144;1.461852;1.000000;-0.006005;17.570183;1.096373;1.194250;
0.030689;1.059974;1.045039;1.010001;1.017702;1.019552;1.070144;1.061528;1.089925;1.055980;1.051049;1.057009;1.055328;1.050520;1.035654;1.000000;232.340138;-16.680787;1.058830;1.436545;1.000000;40.111349;43.668220;1.048776;1.269402;1.000000;-0.069958;25.065500;1.011505;1.112244;1.000000;0.004206;12.800021;1.070144;1.461851;1.000000;-0.005987;17.570159;1.096373;1.194250;
0.030689;1.059974;1.045039;1.010001;1.017702;1.019552;1.070144;1.061528;1.089925;1.055980;1.051049;1.057009;1.055328;1.050520;1.035654;1.000000;232.340138;-16.680787;1.058830;1.436545;1.000000;40.111349;43.668220;1.048776;1.269402;1.000000;-0.069958;25.065500;1.011505;1.112244;1.000000;0.004206;12.800021;1.070144;1.461851;1.000000;-0.005987;17.570159;1.096373;1.194250;
0.030689;1.059974;1.045039;1.010001;1.017702;1.019552;1.070144;1.061528;1.089925;1.055980;1.051049;1.057009;1.055328;1.050520;1.035654;1.000000;232.340138;-16.680787;1.058830;1.436545;1.000000;40.111349;43.668220;1.048776;1.269402;1.000000;-0.069958;25.065500;1.011505;1.112244;1.000000;0.004206;12.800021;1.070144;1.461851;1.000000;-0.005987;17.570159;1.096373;1.194250;
0.031132;1.059974;1.045039;1.010001;1.017702;1.019552;1.070144;1.061528;1.089925;1.055980;1.051049;1.057009;1.055328;1.050520;1.035654;1.000000;232.340288;-16.680682;1.058830;1.436544;1.000000;40.111141;43.668138;1.048776;1.269403;1.000000;-0.069891;25.065480;1.011505;1.112244;1.000000;0.004197;12.800030;1.070144;1.461850;1.000000;-0.005982;17.570151;1.096373;1.194251;
0.035228;1.059975;1.045039;1.010001;1.017703;1.019552;1.070144;1.061528;1.089925;1.055980;1.051049;1.057010;1.055329;1.050520;1.035654;1.000000;232.341674;-16.679755;1.058830;1.436532;1.000000;40.109214;43.667409;1.048776;1.269405;1.000000;-0.069264;25.065277;1.011505;1.112242;1.000000;0.004120;12.800149;1.070144;1.461845;1.000000;-0.005934;17.570076;1.096373;1.194252;
0.043420;1.059976;1.045039;1.010001;1.017703;1.019553;1.070145;1.061529;1.089924;1.055980;1.051050;1.057010;1.055329;1.050521;1.035654;1.000000;232.344458;-16.678107;1.058832;1.436508;1.000000;40.105353;43.666092;1.048776;1.269408;1.000000;-0.067998;25.064817;1.011505;1.112239;1.000000;0.003985;12.800556;1.070145;1.461828;1.000000;-0.005836;17.569888;1.096373;1.194254;
0.052834;1.059977;1.045039;1.010002;1.017703;1.019553;1.070146;1.061529;1.089924;1.055981;1.051050;1.057011;1.055331;1.050522;1.035655;1.000000;232.347687;-16.676484;1.058833;1.436482;1.000000;40.100879;43.664788;1.048775;1.269410;1.000000;-0.066513;25.064219;1.011506;1.112235;1.000000;0.003842;12.801213;1.070146;1.461801;1.000000;-0.005718;17.569627;1.096372;1.194257;
0.052834;1.059977;1.045039;1.010002;1.017703;1.019553;1.070146;1.061529;1.089924;1.055981;1.051050;1.057011;1.055331;1.050522;1.035655;1.000000;232.347687;-16.676484;1.058833;1.436482;1.000000;40.100879;43.664788;1.048775;1.269410;1.000000;-0.066513;25.064219;1.011506;1.112235;1.000000;0.003842;12.801213;1.070146;1.461801;1.000000;-0.005718;17.569627;1.096372;1.194257;
0.052835;1.059977;1.045039;1.010002;1.017703;1.019553;1.070146;1.061529;1.089924;1.055981;1.051050;1.057011;1.055331;1.050522;1.035655;1.000000;232.347687;-16.676484;1.058833;1.436482;1.000000;40.100878;43.664787;1.048775;1.269410;1.000000;-0.066512;25.064219;1.011506;1.112235;1.000000;0.003842;12.801213;1.070146;1.461801;1.000000;-0.005718;17.569627;1.096372;1.194257;
0.052836;1.059977;1.045039;1.010002;1.017703;1.019553;1.070146;1.061529;1.089924;1.055981;1.051050;1.057011;1.055331;1.050522;1.035655;1.000000;232.347687;-16.676484;1.058833;1.436482;1.000000;40.100878;43.664787;1.048775;1.269410;1.000000;-0.066512;25.064219;1.011506;1.112235;1.000000;0.003842;12.801213;1.070146;1.461801;1.000000;-0.005718;17.569627;1.096372;1.194257;
0.052838;1.059977;1.045039;1.010002;1.017703;1.019553;1.070146;1.061529;1.089924;1.055981;1.051050;1.057011;1.055331;1.050522;1.035655;1.000000;232.347688;-16.676484;1.058833;1.436482;1.000000;40.100877;43.664787;1.048775;1.269410;1.000000;-0.066512;25.064219;1.011506;1.112235;1.000000;0.003842;12.801213;1.070146;1.461801;1.000000;-0.005718;17.569627;1.096372;1.194257;
0.052842;1.059977;1.045039;1.010002;1.017703;1.019553;1.070146;1.061529;1.089924;1.055981;1.051050;1.057011;1.055331;1.050522;1.035655;1.000000;232.347689;-16.676483;1.058833;1.436482;1.000000;40.100875;43.664787;1.048775;1.269410;1.000000;-0.066511;25.064218;1.011506;1.112235;1.000000;0.003842;12.801213;1.070146;1.461801;1.000000;-0.005718;17.569627;1.096372;1.194257;
0.052850;1.059977;1.045039;1.010002;1.017703;1.019553;1.070146;1.061529;1.089924;1.055981;1.051050;1.057011;1.055331;1.050522;1.035655;1.000000;232.347692;-16.676482;1.058833;1.436481;1.000000;40.100871;43.664786;1.048775;1.269410;1.000000;-0.066510;25.064218;1.011506;1.112235;1.000000;0.003842;12.801214;1.070146;1.461801;1.000000;-0.005718;17.569627;1.096372;1.194257;
0.052866;1.059977;1.045039;1.010002;1.017703;1.019553;1.070146;1.061529;1.089924;1.055981;1.051050;1.057011;1.055331;1.050522;1.035655;1.000000;232.347698;-16.676479;1.058833;1.436481;1.000000;40.100864;43.664784;1.048775;1.269410;1.000000;-0.066508;25.064217;1.011506;1.112235;1.000000;0.003842;12.801216;1.070146;1.461801;1.000000;-0.005717;17.569626;1.096372;1.194257;
0.052898;1.059977;1.045039;1.010002;1.017703;1.019553;1.070146;1.061529;1.089924;1.055981;1.051050;1.057011;1.055331;1.050522;1.035655;1.000000;232.347709;-16.676474;1.058833;1.436481;1.000000;40.100848;43.664780;1.048775;1.269410;1.000000;-0.066502;25.064215;1.011506;1.112235;1.000000;0.003842;12.801218;1.070146;1.461801;1.000000;-0.005717;17.569625;1.096372;1.194257;
0.052962;1.059977;1.045039;1.010002;1.017703;1.019553;1.070146;1.061529;1.089924;1.055981;1.051050;1.057011;1.055331;1.050522;1.035655;1.000000;232.347731;-16.676465;1.058833;1.436481;1.000000;40.100818;43.664772;1.048775;1.269410;1.000000;-0.066492;25.064210;1.011506;1.112235;1.000000;0.003841;12.801224;1.070146;1.461801;1.000000;-0.005716;17.569623;1.096372;1.194257;
0.053090;1.059977;1.045039;1.010002;1.017703;1.019553;1.070146;1.061529;1.089924;1.055981;1.051050;1.057011;1.055331;1.050522;1.035655;1.000000;232.347775;-16.676445;1.058833;1.436481;1.000000;40.100757;43.664756;1.048775;1.269410;1.000000;-0.066472;25.064201;1.011506;1.112235;1.000000;0.003839;12.801235;1.070146;1.461800;1.000000;-0.005715;17.569619;1.096372;1.194257;
0.053346;1.059977;1.045039;1.010002;1.017703;1.019553;1.070146;1.061529;1.089924;1.055981;1.051050;1.057011;1.055331;1.050522;1.035655;1.000000;232.347863;-16.676407;1.058833;1.436480;1.000000;40.100635;43.664724;1.048775;1.269410;1.000000;-0.066431;25.064183;1.011506;1.112235;1.000000;0.003836;12.801257;1.070146;1.461799;1.000000;-0.005711;17.569611;1.096372;1.194257;
0.053858;1.059977;1.045039;1.010002;1.017703;1.019553;1.070147;1.061529;1.089924;1.055981;1.051050;1.057011;1.055331;1.050522;1.035655;1.000000;232.348039;-16.676330;1.058833;1.436479;1.000000;40.100391;43.664661;1.048775;1.269410;1.000000;-0.066350;25.064148;1.011506;1.112235;1.000000;0.003829;12.801303;1.070147;1.461797;1.000000;-0.005705;17.569595;1.096372;1.194257;
0.054882;1.059978;1.045039;1.010002;1.017703;1.019553;1.070147;1.061529;1.089924;1.055981;1.051050;1.057012;1.055331;1.050523;1.035655;1.000000;232.348392;-16.676179;1.058833;1.436476;1.000000;40.099904;43.664537;1.048775;1.269410;1.000000;-0.066187;25.064076;1.011506;1.112234;1.000000;0.003816;12.801394;1.070147;1.461794;1.000000;-0.005692;17.569562;1.096372;1.194257;
0.056930;1.059978;1.045039;1.010002;1.017703;1.019553;1.070147;1.061529;1.089924;1.055981;1.051051;1.057012;1.055331;1.050523;1.035656;1.000000;232.349099;-16.675885;1.058833;1.436471;1.000000;40.098926;43.664296;1.048775;1.269410;1.000000;-0.065859;25.063930;1.011506;1.112234;1.000000;0.003789;12.801583;1.070147;1.461786;1.000000;-0.005665;17.569495;1.096372;1.194258;
0.061026;1.059978;1.045039;1.010002;1.017704;1.019554;1.070148;1.061529;1.089924;1.055982;1.051051;1.057013;1.055332;1.050524;1.035656;1.000000;232.350519;-16.675331;1.058834;1.436460;1.000000;40.096961;43.663844;1.048775;1.269410;1.000000;-0.065197;25.063631;1.011506;1.112232;1.000000;0.003735;12.801978;1.070148;1.461771;1.000000;-0.005611;17.569357;1.096372;1.194259;
0.069218;1.059979;1.045039;1.010002;1.017704;1.019554;1.070150;1.061530;1.089924;1.055982;1.051052;1.057014;1.055334;1.050525;1.035657;1.000000;232.353381;-16.674343;1.058835;1.436440;0.999999;40.092996;43.663046;1.048776;1.269409;1.000000;-0.063845;25.063007;1.011506;1.112228;1.000000;0.003621;12.802825;1.070150;1.461737;1.000000;-0.005499;17.569065;1.096372;1.194261;
0.085602;1.059981;1.045040;1.010002;1.017705;1.019556;1.070153;1.061531;1.089924;1.055984;1.051054;1.057017;1.055337;1.050528;1.035659;1.000000;232.359188;-16.672756;1.058837;1.436403;0.999999;40.084905;43.661823;1.048776;1.269406;1.000000;-0.061026;25.061679;1.011506;1.112220;1.000000;0.003365;12.804666;1.070153;1.461666;1.000000;-0.005258;17.568443;1.096372;1.194266;
0.118370;1.059984;1.045040;1.010003;1.017707;1.019558;1.070161;1.061533;1.089924;1.055987;1.051058;1.057022;1.055344;1.050535;1.035664;1.000000;232.371010;-16.670659;1.058840;1.436338;0.999999;40.068152;43.660502;1.048776;1.269396;1.000000;-0.054918;25.058821;1.011507;1.112204;0.999999;0.002712;12.808547;1.070161;1.461518;1.000000;-0.004722;17.567130;1.096371;1.194277;
0.183906;1.059989;1.045042;1.010005;1.017711;1.019562;1.070174;1.061536;1.089924;1.055993;1.051065;1.057033;1.055357;1.050548;1.035673;1.000000;232.393928;-16.668663;1.058845;1.436235;0.999999;40.034004;43.660378;1.048777;1.269373;1.000001;-0.041222;25.052744;1.011509;1.112172;0.999999;0.001002;12.815947;1.070174;1.461245;1.000000;-0.003598;17.564524;1.096370;1.194308;
0.294755;1.059995;1.045043;1.010009;1.017716;1.019568;1.070193;1.061541;1.089922;1.056001;1.051075;1.057047;1.055374;1.050564;1.035685;1.000000;232.422551;-16.667064;1.058852;1.436106;0.999999;39.984545;43.661897;1.048779;1.269332;1.000001;-0.016936;25.042402;1.011511;1.112123;0.999999;-0.001673;12.826082;1.070193;1.460874;1.000000;-0.002309;17.560597;1.096367;1.194373;
0.294755;1.059995;1.045043;1.010009;1.017716;1.019568;1.070193;1.061541;1.089922;1.056001;1.051075;1.057047;1.055374;1.050564;1.035685;1.000000;232.422551;-16.667064;1.058852;1.436106;0.999999;39.984545;43.661897;1.048779;1.269332;1.000001;-0.016936;25.042402;1.011511;1.112123;0.999999;-0.001673;12.826082;1.070193;1.460874;1.000000;-0.002309;17.560597;1.096367;1.194373;
0.294756;1.059995;1.045043;1.010009;1.017716;1.019568;1.070193;1.061541;1.089922;1.056001;1.051075;1.057047;1.055374;1.050564;1.035685;1.000000;232.422552;-16.667064;1.058852;1.436106;0.999999;39.984545;43.661897;1.048779;1.269332;1.000001;-0.016935;25.042401;1.011511;1.112123;0.999999;-0.001674;12.826083;1.070193;1.460874;1.000000;-0.002309;17.560597;1.096367;1.194373;
0.294757;1.059995;1.045043;1.010009;1.017716;1.019568;1.070193;1.061541;1.089922;1.056001;1.051075;1.057047;1.055374;1.050564;1.035685;1.000000;232.422552;-16.667064;1.058852;1.436106;0.999999;39.984544;43.661897;1.048779;1.269332;1.000001;-0.016935;25.042401;1.011511;1.112123;0.999999;-0.001674;12.826083;1.070193;1.460874;1.000000;-0.002309;17.560597;1.096367;1.194373;
0.294759;1.059995;1.045043;1.010009;1.017716;1.019568;1.070193;1.061541;1.089922;1.056001;1.051075;1.057047;1.055374;1.050564;1.035685;1.000000;232.422552;-16.667064;1.058852;1.436106;0.999999;39.984544;43.661897;1.048779;1.269332;1.000001;-0.016935;25.042401;1.011511;1.112123;0.999999;-0.001674;12.826083;1.070193;1.460874;1.000000;-0.002309;17.560597;1.096367;1.194373;
0.294763;1.059995;1.045043;1.010009;1.017716;1.019568;1.070193;1.061541;1.089922;1.056001;1.051075;1.057047;1.055374;1.050564;1.035685;1.000000;232.422553;-16.667064;1.058852;1.436106;0.999999;39.984542;43.661897;1.048779;1.269332;1.000001;-0.016934;25.042401;1.011511;1.112123;0.999999;-0.001674;12.826083;1.070193;1.460874;1.000000;-0.002309;17.560597;1.096367;1.194373;
0.294771;1.059995;1.045043;1.010009;1.017716;1.019568;1.070193;1.061541;1.089922;1.056001;1.051075;1.057047;1.055374;1.050564;1.035685;1.000000;232.422555;-16.667064;1.058852;1.436106;0.999999;39.984538;43.661897;1.048779;1.269332;1.000001;-0.016932;25.042400;1.011511;1.112123;0.999999;-0.001674;12.826084;1.070193;1.460874;1.000000;-0.002309;17.560596;1.096367;1.194373;
0.294787;1.059995;1.045043;1.010009;1.017716;1.019568;1.070193;1.061541;1.089922;1.056001;1.051075;1.057047;1.055374;1.050564;1.035685;1.000000;232.422559;-16.667064;1.058852;1.436106;0.999999;39.984531;43.661898;1.048779;1.269332;1.000001;-0.016928;25.042398;1.011511;1.112123;0.999999;-0.001674;12.826085;1.070193;1.460874;1.000000;-0.002309;17.560596;1.096367;1.194373;
0.294819;1.059995;1.045043;1.010009;1.017716;1.019568;1.070193;1.061541;1.089922;1.056001;1.051075;1.057047;1.055374;1.050564;1.035685;1.000000;232.422566;-16.667064;1.058852;1.436106;0.999999;39.984518;43.661899;1.048779;1.269332;1.000001;-0.016920;25.042395;1.011511;1.112123;0.999999;-0.001675;12.826088;1.070193;1.460874;1.000000;-0.002308;17.560595;1.096367;1.194373;
0.294883;1.059995;1.045043;1.010009;1.017716;1.019568;1.070193;1.061541;1.089922;1.056001;1.051075;1.057047;1.055374;1.050564;1.035685;1.000000;232.422580;-16.667065;1.058852;1.436106;0.999999;39.984490;43.661902;1.048779;1.269332;1.000001;-0.016905;25.042389;1.011511;1.112123;0.999999;-0.001677;12.826093;1.070193;1.460874;1.000000;-0.002308;17.560593;1.096367;1.194373;
0.295011;1.059995;1.045043;1.010009;1.017716;1.019568;1.070193;1.061541;1.089922;1.056001;1.051075;1.057047;1.055374;1.050564;1.035685;1.000000;232.422609;-16.667066;1.058852;1.436105;0.999999;39.984435;43.661907;1.048779;1.269332;1.000001;-0.016875;25.042377;1.011511;1.112123;0.999999;-0.001681;12.826103;1.070193;1.460874;1.000000;-0.002306;17.560588;1.096367;1.194373;
0.295267;1.059995;1.045043;1.010009;1.017716;1.019568;1.070193;1.061541;1.089922;1.056001;1.051075;1.057047;1.055375;1.050564;1.035685;1.000000;232.422667;-16.667069;1.058852;1.436105;0.999999;39.984324;43.661918;1.048779;1.269332;1.000001;-0.016814;25.042352;1.011511;1.112123;0.999999;-0.001688;12.826124;1.070193;1.460873;1.000000;-0.002304;17.560579;1.096367;1.194374;
0.295779;1.059995;1.045043;1.010009;1.017716;1.019568;1.070193;1.061541;1.089922;1.056001;1.051075;1.057047;1.055375;1.050565;1.035685;1.000000;232.422783;-16.667075;1.058852;1.436105;0.999999;39.984103;43.661940;1.048779;1.269331;1.000001;-0.016693;25.042302;1.011511;1.112123;0.999999;-0.001702;12.826166;1.070193;1.460872;1.000000;-0.002298;17.560562;1.096367;1.194374;
0.296803;1.059995;1.045044;1.010009;1.017716;1.019568;1.070193;1.061541;1.089922;1.056001;1.051075;1.057047;1.055375;1.050565;1.035685;1.000000;232.423012;-16.667086;1.058852;1.436104;0.999999;39.983663;43.661983;1.048779;1.269331;1.000001;-0.016451;25.042203;1.011511;1.112122;0.999999;-0.001730;12.826249;1.070193;1.460869;1.000000;-0.002288;17.560527;1.096367;1.194375;
0.298851;1.059995;1.045044;1.010009;1.017716;1.019569;1.070193;1.061541;1.089922;1.056002;1.051076;1.057047;1.055375;1.050565;1.035685;1.000000;232.423466;-16.667107;1.058852;1.436102;0.999999;39.982786;43.662068;1.048779;1.269330;1.000001;-0.015968;25.042005;1.011511;1.112122;0.999999;-0.001786;12.826414;1.070193;1.460863;1.000000;-0.002267;17.560458;1.096366;1.194376;
0.302947;1.059996;1.045044;1.010009;1.017716;1.019569;1.070194;1.061541;1.089922;1.056002;1.051076;1.057048;1.055376;1.050565;1.035685;1.000000;232.424352;-16.667144;1.058852;1.436099;0.999999;39.981055;43.662232;1.048780;1.269328;1.000001;-0.015002;25.041611;1.011511;1.112120;0.999999;-0.001896;12.826738;1.070194;1.460851;1.000000;-0.002226;17.560322;1.096366;1.194379;
0.311139;1.059996;1.045044;1.010009;1.017717;1.019569;1.070195;1.061541;1.089922;1.056002;1.051076;1.057049;1.055377;1.050566;1.035686;1.000000;232.426037;-16.667200;1.058852;1.436093;0.999999;39.977678;43.662538;1.048780;1.269325;1.000001;-0.013077;25.040827;1.011512;1.112116;0.999999;-0.002109;12.827363;1.070195;1.460829;1.000000;-0.002152;17.560054;1.096366;1.194385;
0.327523;1.059996;1.045044;1.010009;1.017717;1.019570;1.070197;1.061542;1.089921;1.056003;1.051078;1.057050;1.055379;1.050568;1.035687;1.000000;232.429038;-16.667248;1.058853;1.436080;0.999999;39.971298;43.663065;1.048780;1.269319;1.000001;-0.009269;25.039277;1.011512;1.112110;0.999999;-0.002503;12.828539;1.070197;1.460787;1.000000;-0.002032;17.559537;1.096365;1.194396;
0.348460;1.059997;1.045044;1.010010;1.017718;1.019571;1.070200;1.061542;1.089921;1.056004;1.051079;1.057052;1.055381;1.050571;1.035689;1.000000;232.432109;-16.667207;1.058854;1.436065;0.999999;39.963952;43.663577;1.048780;1.269311;1.000001;-0.004520;25.037333;1.011512;1.112102;1.000000;-0.002928;12.829924;1.070200;1.460738;1.000000;-0.001937;17.558906;1.096365;1.194411;
0.348460;1.059997;1.045044;1.010010;1.017718;1.019571;1.070200;1.061542;1.089921;1.056004;1.051079;1.057052;1.055381;1.050571;1.035689;1.000000;232.432109;-16.667207;1.058854;1.436065;0.999999;39.963952;43.663577;1.048780;1.269311;1.000001;-0.004520;25.037333;1.011512;1.112102;1.000000;-0.002928;12.829924;1.070200;1.460738;1.000000;-0.001937;17.558906;1.096365;1.194411;
0.348460;1.059997;1.045044;1.010010;1.017718;1.019571;1.070200;1.061542;1.089921;1.056004;1.051079;1.057052;1.055381;1.050571;1.035689;1.000000;232.432109;-16.667207;1.058854;1.436065;0.999999;39.963952;43.663577;1.048780;1.269311;1.000001;-0.004520;25.037333;1.011512;1.112102;1.000000;-0.002928;12.829924;1.070200;1.460738;1.000000;-0.001937;17.558906;1.096365;1.194411;
0.360291;1.059998;1.045045;1.010010;1.017718;1.019571;1.070201;1.061543;1.089920;1.056005;1.051079;1.057053;1.055382;1.050572;1.035690;1.000000;232.433467;-16.667134;1.058854;1.436056;0.999999;39.960202;43.663786;1.048781;1.269307;1.000001;-0.001894;25.036251;1.011512;1.112098;1.000000;-0.003129;12.830648;1.070201;1.460711;1.000000;-0.001911;17.558564;1.096364;1.194419;
0.425827;1.060000;1.045046;1.010011;1.017720;1.019573;1.070207;1.061544;1.089919;1.056007;1.051083;1.057058;1.055388;1.050578;1.035694;1.000000;232.435899;-16.666264;1.058856;1.436011;0.999999;39.945232;43.663985;1.048782;1.269281;1.000001;0.011430;25.030537;1.011513;1.112078;1.000000;-0.003652;12.834099;1.070207;1.460580;1.000000;-0.002132;17.556814;1.096362;1.194462;
0.556899;1.060003;1.045049;1.010013;1.017724;1.019578;1.070218;1.061546;1.089916;1.056011;1.051088;1.057065;1.055398;1.050587;1.035700;0.999999;232.420720;-16.662918;1.058860;1.435934;1.000000;39.940738;43.660630;1.048785;1.269224;1.000001;0.030700;25.021000;1.011515;1.112053;1.000000;-0.002514;12.838793;1.070218;1.460377;1.000000;-0.003679;17.553945;1.096358;1.194537;
0.793974;1.060008;1.045054;1.010014;1.017728;1.019583;1.070229;1.061547;1.089912;1.056015;1.051093;1.057073;1.055408;1.050597;1.035706;0.999999;232.378566;-16.656093;1.058865;1.435836;1.000000;39.969227;43.651510;1.048789;1.269134;1.000000;0.042086;25.011658;1.011515;1.112054;1.000000;0.000333;12.843412;1.070229;1.460155;1.000000;-0.005920;17.550381;1.096353;1.194644;
0.793974;1.060008;1.045054;1.010014;1.017728;1.019583;1.070229;1.061547;1.089912;1.056015;1.051093;1.057073;1.055408;1.050597;1.035706;0.999999;232.378566;-16.656093;1.058865;1.435836;1.000000;39.969227;43.651510;1.048789;1.269134;1.000000;0.042086;25.011658;1.011515;1.112054;1.000000;0.000333;12.843412;1.070229;1.460155;1.000000;-0.005920;17.550381;1.096353;1.194644;
0.793975;1.060008;1.045054;1.010014;1.017728;1.019583;1.070229;1.061547;1.089912;1.056015;1.051093;1.057073;1.055408;1.050597;1.035706;0.999999;232.378566;-16.656093;1.058865;1.435836;1.000000;39.969227;43.651510;1.048789;1.269134;1.000000;0.042086;25.011658;1.011515;1.112054;1.000000;0.000333;12.843412;1.070229;1.460155;1.000000;-0.005920;17.550381;1.096353;1.194644;
0.793976;1.060008;1.045054;1.010014;1.017728;1.019583;1.070229;1.061547;1.089912;1.056015;1.051093;1.057073;1.055408;1.050597;1.035706;0.999999;232.378565;-16.656093;1.058865;1.435836;1.000000;39.969228;43.651510;1.048789;1.269134;1.000000;0.042086;25.011658;1.011515;1.112054;1.000000;0.000333;12.843412;1.070229;1.460155;1.000000;-0.005920;17.550381;1.096353;1.194644;
0.793978;1.060008;1.045054;1.010014;1.017728;1.019583;1.070229;1.061547;1.089912;1.056015;1.051093;1.057073;1.055408;1.050597;1.035706;0.999999;232.378565;-16.656093;1.058865;1.435836;1.000000;39.969228;43.651510;1.048789;1.269134;1.000000;0.042086;25.011658;1.011515;1.112054;1.000000;0.000333;12.843412;1.070229;1.460155;1.000000;-0.005920;17.550381;1.096353;1.194644;
0.793982;1.060008;1.045054;1.010014;1.017728;1.019583;1.070229;1.061547;1.089912;1.056015;1.051093;1.057073;1.055408;1.050597;1.035706;0.999999;232.378564;-16.656093;1.058865;1.435836;1.000000;39.969229;43.651510;1.048789;1.269134;1.000000;0.042086;25.011657;1.011515;1.112054;1.000000;0.000333;12.843412;1.070229;1.460155;1.000000;-0.005920;17.550381;1.096353;1.194644;
0.793990;1.060008;1.045054;1.010014;1.017728;1.019583;1.070229;1.061547;1.089912;1.056015;1.051093;1.057073;1.055408;1.050597;1.035706;0.999999;232.378562;-16.656092;1.058865;1.435835;1.000000;39.969231;43.651509;1.048789;1.269134;1.000000;0.042086;25.011657;1.011515;1.112054;1.000000;0.000333;12.843412;1.070229;1.460155;1.000000;-0.005920;17.550381;1.096353;1.194644;
0.794006;1.060008;1.045054;1.010014;1.017728;1.019583;1.070229;1.061547;1.089912;1.056015;1.051093;1.057073;1.055408;1.050597;1.035706;0.999999;232.378557;-16.656092;1.058865;1.435835;1.000000;39.969236;43.651508;1.048789;1.269134;1.000000;0.042086;25.011657;1.011515;1.112054;1.000000;0.000334;12.843412;1.070229;1.460155;1.000000;-0.005921;17.550381;1.096353;1.194644;
0.794038;1.060008;1.045054;1.010014;1.017728;1.019583;1.070229;1.061547;1.089912;1.056015;1.051093;1.057073;1.055408;1.050597;1.035706;0.999999;232.378548;-16.656091;1.058865;1.435835;1.000000;39.969245;43.651507;1.048789;1.269134;1.000000;0.042085;25.011656;1.011515;1.112054;1.000000;0.000334;12.843412;1.070229;1.460155;1.000000;-0.005921;17.550380;1.096353;1.194644;
0.794102;1.060008;1.045054;1.010014;1.017728;1.019583;1.070229;1.061547;1.089912;1.056015;1.051093;1.057073;1.055408;1.050597;1.035706;0.999999;232.378530;-16.656088;1.058865;1.435835;1.000000;39.969263;43.651503;1.048789;1.269134;1.000000;0.042084;25.011655;1.011515;1.112054;1.000000;0.000336;12.843413;1.070229;1.460155;1.000000;-0.005922;17.550380;1.096353;1.194644;
0.794230;1.060008;1.045054;1.010014;1.017728;1.019583;1.070229;1.061547;1.089912;1.056015;1.051093;1.057073;1.055408;1.050597;1.035706;0.999999;232.378494;-16.656084;1.058865;1.435835;1.000000;39.969299;43.651495;1.048789;1.269134;1.000000;0.042082;25.011653;1.011515;1.112054;1.000000;0.000339;12.843413;1.070229;1.460155;1.000000;-0.005924;17.550378;1.096353;1.194644;
0.794486;1.060008;1.045054;1.010014;1.017728;1.019583;1.070229;1.061547;1.089912;1.056015;1.051093;1.057073;1.055408;1.050597;1.035706;0.999999;232.378421;-16.656074;1.058865;1.435835;1.000000;39.969370;43.651480;1.048789;1.269134;1.000000;0.042077;25.011648;1.011515;1.112054;1.000000;0.000344;12.843414;1.070229;1.460155;1.000000;-0.005927;17.550376;1.096353;1.194644;
0.794998;1.060008;1.045054;1.010014;1.017728;1.019583;1.070229;1.061547;1.089912;1.056015;1.051093;1.057073;1.055408;1.050597;1.035706;0.999999;232.378277;-16.656056;1.058865;1.435835;1.000000;39.969514;43.651450;1.048789;1.269134;1.000000;0.042068;25.011637;1.011515;1.112054;1.000000;0.000356;12.843417;1.070229;1.460155;1.000000;-0.005934;17.550371;1.096353;1.194644;
0.796022;1.060008;1.045054;1.010014;1.017728;1.019583;1.070229;1.061547;1.089912;1.056015;1.051093;1.057073;1.055408;1.050597;1.035706;0.999999;232.377988;-16.656018;1.058865;1.435835;1.000000;39.969801;43.651391;1.048789;1.269133;1.000000;0.042049;25.011618;1.011515;1.112054;1.000000;0.000378;12.843421;1.070229;1.460154;1.000000;-0.005947;17.550360;1.096353;1.194644;
0.798070;1.060008;1.045054;1.010014;1.017728;1.019583;1.070229;1.061547;1.089912;1.056015;1.051093;1.057073;1.055408;1.050597;1.035706;0.999999;232.377413;-16.655944;1.058865;1.435834;1.000000;39.970375;43.651271;1.048789;1.269133;1.000000;0.042009;25.011579;1.011515;1.112055;1.000000;0.000423;12.843431;1.070229;1.460153;1.000000;-0.005973;17.550340;1.096353;1.194645;
0.802166;1.060008;1.045054;1.010014;1.017728;1.019583;1.070229;1.061547;1.089912;1.056015;1.051093;1.057073;1.055409;1.050597;1.035706;0.999999;232.376269;-16.655796;1.058865;1.435833;1.000000;39.971525;43.651034;1.048789;1.269131;1.000000;0.041922;25.011503;1.011515;1.112055;1.000000;0.000512;12.843449;1.070229;1.460152;1.000000;-0.006025;17.550300;1.096353;1.194646;
0.810358;1.060008;1.045055;1.010014;1.017728;1.019583;1.070229;1.061547;1.089912;1.056015;1.051093;1.057073;1.055409;1.050597;1.035706;0.999999;232.374011;-16.655504;1.058865;1.435831;1.000000;39.973827;43.650565;1.048790;1.269128;1.000000;0.041719;25.011364;1.011515;1.112056;1.000000;0.000684;12.843485;1.070229;1.460148;1.000000;-0.006123;17.550220;1.096353;1.194649;
0.826742;1.060008;1.045055;1.010014;1.017728;1.019584;1.070229;1.061547;1.089912;1.056015;1.051093;1.057074;1.055409;1.050597;1.035706;1.000000;232.369639;-16.654936;1.058866;1.435826;1.000000;39.978410;43.649650;1.048790;1.269122;1.000000;0.041202;25.011130;1.011514;1.112059;1.000000;0.001004;12.843555;1.070229;1.460141;1.000000;-0.006298;17.550067;1.096353;1.194655;
0.828659;1.060008;1.045055;1.010014;1.017728;1.019584;1.070229;1.061547;1.089912;1.056015;1.051093;1.057074;1.055409;1.050597;1.035706;1.000000;232.369144;-16.654871;1.058866;1.435826;1.000000;39.978941;43.649546;1.048790;1.269121;1.000000;0.041132;25.011107;1.011514;1.112059;1.000000;0.001039;12.843563;1.070229;1.460140;1.000000;-0.006316;17.550049;1.096352;1.194656;
0.828659;1.060008;1.045055;1.010014;1.017728;1.019584;1.070229;1.061547;1.089912;1.056015;1.051093;1.057074;1.055409;1.050597;1.035706;1.000000;232.369144;-16.654871;1.058866;1.435826;1.000000;39.978941;43.649546;1.048790;1.269121;1.000000;0.041132;25.011107;1.011514;1.112059;1.000000;0.001039;12.843563;1.070229;1.460140;1.000000;-0.006316;17.550049;1.096352;1.194656;
0.828659;1.060008;1.045055;1.010014;1.017728;1.019584;1.070229;1.061547;1.089912;1.056015;1.051093;1.057074;1.055409;1.050597;1.035706;1.000000;232.369144;-16.654871;1.058866;1.435826;1.000000;39.978941;43.649546;1.048790;1.269121;1.000000;0.041132;25.011107;1.011514;1.112059;1.000000;0.001039;12.843563;1.070229;1.460140;1.000000;-0.006316;17.550049;1.096352;1.194656;
0.834769;1.060008;1.045055;1.010014;1.017728;1.019584;1.070230;1.061547;1.089911;1.056015;1.051093;1.057074;1.055409;1.050598;1.035707;1.000000;232.367587;-16.654666;1.058866;1.435824;1.000000;39.980624;43.649218;1.048790;1.269119;1.000000;0.040899;25.011037;1.011514;1.112060;1.000000;0.001147;12.843589;1.070230;1.460138;1.000000;-0.006371;17.549994;1.096352;1.194658;
0.834769;1.060008;1.045055;1.010014;1.017728;1.019584;1.070230;1.061547;1.089911;1.056015;1.051093;1.057074;1.055409;1.050598;1.035707;1.000000;232.367587;-16.654666;1.058866;1.435824;1.000000;39.980624;43.649218;1.048790;1.269119;1.000000;0.040899;25.011037;1.011514;1.112060;1.000000;0.001147;12.843589;1.070230;1.460138;1.000000;-0.006371;17.549994;1.096352;1.194658;
0.834769;1.060008;1.045055;1.010014;1.017728;1.019584;1.070230;1.061547;1.089911;1.056015;1.051093;1.057074;1.055409;1.050598;1.035707;1.000000;232.367587;-16.654666;1.058866;1.435824;1.000000;39.980624;43.649218;1.048790;1.269119;1.000000;0.040899;25.011037;1.011514;1.112060;1.000000;0.001147;12.843589;1.070230;1.460138;1.000000;-0.006371;17.549994;1.096352;1.194658;
0.859510;1.060009;1.045056;1.010013;1.017729;1.019584;1.070230;1.061547;1.089911;1.056015;1.051093;1.057074;1.055410;1.050598;1.035707;1.000000;232.361636;-16.653871;1.058866;1.435818;1.000000;39.987313;43.647947;1.048790;1.269111;1.000000;0.039763;25.010839;1.011514;1.112065;1.000000;0.001526;12.843690;1.070230;1.460129;1.000000;-0.006551;17.549781;1.096352;1.194666;
0.882399;1.060009;1.045056;1.010013;1.017729;1.019584;1.070230;1.061547;1.089911;1.056015;1.051093;1.057074;1.055410;1.050598;1.035707;1.000000;232.356818;-16.653196;1.058866;1.435812;1.000000;39.993095;43.646889;1.048791;1.269105;1.000000;0.038496;25.010766;1.011514;1.112069;1.000000;0.001784;12.843787;1.070230;1.460122;1.000000;-0.006649;17.549597;1.096352;1.194674;
0.882399;1.060009;1.045056;1.010013;1.017729;1.019584;1.070230;1.061547;1.089911;1.056015;1.051093;1.057074;1.055410;1.050598;1.035707;1.000000;232.356818;-16.653196;1.058866;1.435812;1.000000;39.993095;43.646889;1.048791;1.269105;1.000000;0.038496;25.010766;1.011514;1.112069;1.000000;0.001784;12.843787;1.070230;1.460122;1.000000;-0.006649;17.549597;1.096352;1.194674;
0.882400;1.060009;1.045056;1.010013;1.017729;1.019584;1.070230;1.061547;1.089911;1.056015;1.051093;1.057074;1.055410;1.050598;1.035707;1.000000;232.356818;-16.653196;1.058866;1.435812;1.000000;39.993096;43.646889;1.048791;1.269105;1.000000;0.038496;25.010766;1.011514;1.112069;1.000000;0.001784;12.843787;1.070230;1.460122;1.000000;-0.006649;17.549597;1.096352;1.194674;
0.882401;1.060009;1.045056;1.010013;1.017729;1.019584;1.070230;1.061547;1.089911;1.056015;1.051093;1.057074;1.055410;1.050598;1.035707;1.000000;232.356818;-16.653196;1.058866;1.435812;1.000000;39.993096;43.646889;1.048791;1.269105;1.000000;0.038495;25.010766;1.011514;1.112069;1.000000;0.001784;12.843787;1.070230;1.460122;1.000000;-0.006649;17.549597;1.096352;1.194674;
0.882403;1.060009;1.045056;1.010013;1.017729;1.019584;1.070230;1.061547;1.089911;1.056015;1.051093;1.057074;1.055410;1.050598;1.035707;1.000000;232.356817;-16.653196;1.058866;1.435812;1.000000;39.993096;43.646889;1.048791;1.269105;1.000000;0.038495;25.010766;1.011514;1.112069;1.000000;0.001784;12.843787;1.070230;1.460122;1.000000;-0.006649;17.549597;1.096352;1.194674;
0.882407;1.060009;1.045056;1.010013;1.017729;1.019584;1.070230;1.061547;1.089911;1.056015;1.051093;1.057074;1.055410;1.050598;1.035707;1.000000;232.356816;-16.653195;1.058866;1.435812;1.000000;39.993097;43.646888;1.048791;1.269105;1.000000;0.038495;25.010766;1.011514;1.112069;1.000000;0.001784;12.843787;1.070230;1.460122;1.000000;-0.006649;17.549597;1.096352;1.194674;
0.882415;1.060009;1.045056;1.010013;1.017729;1.019584;1.070230;1.061547;1.089911;1.056015;1.051093;1.057074;1.055410;1.050598;1.035707;1.000000;232.356815;-16.653195;1.058866;1.435812;1.000000;39.993099;43.646888;1.048791;1.269105;1.000000;0.038495;25.010766;1.011514;1.112069;1.000000;0.001784;12.843787;1.070230;1.460122;1.000000;-0.006649;17.549597;1.096352;1.194674;
0.882431;1.060009;1.045056;1.010013;1.017729;1.019584;1.070230;1.061547;1.089911;1.056015;1.051093;1.057074;1.055410;1.050598;1.035707;1.000000;232.356811;-16.653195;1.058866;1.435812;1.000000;39.993104;43.646887;1.048791;1.269105;1.000000;0.038494;25.010766;1.011514;1.112069;1.000000;0.001784;12.843787;1.070230;1.460122;1.000000;-0.006649;17.549597;1.096352;1.194674;
0.882463;1.060009;1.045056;1.010013;1.017729;1.019584;1.070230;1.061547;1.089911;1.056015;1.051093;1.057074;1.055410;1.050598;1.035707;1.000000;232.356805;-16.653194;1.058866;1.435812;1.000000;39.993112;43.646886;1.048791;1.269105;1.000000;0.038492;25.010766;1.011514;1.112069;1.000000;0.001785;12.843787;1.070230;1.460122;1.000000;-0.006649;17.549597;1.096352;1.194674;
0.882527;1.060009;1.045056;1.010013;1.017729;1.019584;1.070230;1.061547;1.089911;1.056015;1.051093;1.057074;1.055410;1.050598;1.035707;1.000000;232.356792;-16.653192;1.058866;1.435812;1.000000;39.993128;43.646883;1.048791;1.269105;1.000000;0.038488;25.010766;1.011514;1.112069;1.000000;0.001785;12.843787;1.070230;1.460122;1.000000;-0.006650;17.549596;1.096352;1.194674;
0.882655;1.060009;1.045056;1.010013;1.017729;1.019584;1.070230;1.061547;1.089911;1.056015;1.051093;1.057074;1.055410;1.050598;1.035707;1.000000;232.356766;-16.653188;1.058866;1.435812;1.000000;39.993160;43.646877;1.048791;1.269105;1.000000;0.038480;25.010766;1.011514;1.112069;1.000000;0.001786;12.843788;1.070230;1.460122;1.000000;-0.006650;17.549595;1.096352;1.194674;
0.882911;1.060009;1.045056;1.010013;1.017729;1.019584;1.070230;1.061547;1.089911;1.056015;1.051093;1.057074;1.055410;1.050598;1.035707;1.000000;232.356714;-16.653181;1.058866;1.435812;1.000000;39.993225;43.646866;1.048791;1.269105;1.000000;0.038464;25.010766;1.011514;1.112070;1.000000;0.001789;12.843789;1.070230;1.460122;1.000000;-0.006651;17.549594;1.096352;1.194674;
0.883423;1.060009;1.045056;1.010013;1.017729;1.019584;1.070230;1.061547;1.089911;1.056015;1.051093;1.057074;1.055410;1.050598;1.035707;1.000000;232.356610;-16.653166;1.058866;1.435812;1.000000;39.993355;43.646843;1.048791;1.269104;1.000000;0.038431;25.010766;1.011514;1.112070;1.000000;0.001794;12.843791;1.070230;1.460121;1.000000;-0.006652;17.549590;1.096352;1.194674;
0.884447;1.060009;1.045056;1.010013;1.017729;1.019584;1.070230;1.061547;1.089911;1.056015;1.051093;1.057074;1.055410;1.050598;1.035707;1.000000;232.356402;-16.653137;1.058866;1.435812;1.000000;39.993614;43.646797;1.048791;1.269104;1.000000;0.038367;25.010765;1.011514;1.112070;1.000000;0.001804;12.843795;1.070230;1.460121;1.000000;-0.006655;17.549582;1.096352;1.194674;
0.886495;1.060009;1.045056;1.010013;1.017729;1.019584;1.070230;1.061547;1.089911;1.056015;1.051093;1.057074;1.055410;1.050598;1.035707;1.000000;232.355992;-16.653079;1.058866;1.435811;1.000000;39.994130;43.646705;1.048791;1.269104;1.000000;0.038237;25.010766;1.011514;1.112070;1.000000;0.001823;12.843803;1.070230;1.460121;1.000000;-0.006660;17.549566;1.096352;1.194675;
0.890591;1.060009;1.045056;1.010013;1.017729;1.019584;1.070230;1.061547;1.089911;1.056015;1.051093;1.057074;1.055410;1.050598;1.035707;1.000000;232.355188;-16.652964;1.058866;1.435810;1.000000;39.995151;43.646526;1.048791;1.269102;1.000000;0.037971;25.010769;1.011514;1.112071;1.000000;0.001859;12.843820;1.070230;1.460119;1.000000;-0.006669;17.549535;1.096351;1.194676;
0.898783;1.060009;1.045056;1.010013;1.017729;1.019585;1.070231;1.061547;1.089911;1.056015;1.051093;1.057074;1.055410;1.050598;1.035707;1.000000;232.353648;-16.652739;1.058866;1.435809;1.000000;39.997152;43.646178;1.048791;1.269100;1.000000;0.037419;25.010786;1.011514;1.112073;1.000000;0.001921;12.843853;1.070231;1.460117;1.000000;-0.006680;17.549475;1.096351;1.194679;
0.915167;1.060009;1.045057;1.010013;1.017729;1.019585;1.070231;1.061547;1.089910;1.056015;1.051093;1.057075;1.055410;1.050599;1.035707;1.000000;232.350847;-16.652314;1.058867;1.435805;1.000000;40.000975;43.645531;1.048791;1.269097;1.000000;0.036243;25.010860;1.011514;1.112077;1.000000;0.002007;12.843922;1.070231;1.460114;1.000000;-0.006675;17.549358;1.096351;1.194684;
0.947935;1.060009;1.045057;1.010012;1.017729;1.019585;1.070231;1.061547;1.089910;1.056015;1.051093;1.057075;1.055411;1.050599;1.035707;1.000000;232.346439;-16.651565;1.058867;1.435799;1.000000;40.007801;43.644442;1.048791;1.269090;1.000000;0.033625;25.011161;1.011513;1.112085;1.000000;0.002026;12.844074;1.070231;1.460108;1.000000;-0.006557;17.549145;1.096351;1.194694;
1.000000;1.060010;1.045057;1.010012;1.017729;1.019585;1.070231;1.061547;1.089909;1.056015;1.051093;1.057075;1.055411;1.050599;1.035707;1.000000;232.342820;-16.650667;1.058867;1.435791;1.000000;40.016095;43.643312;1.048792;1.269085;1.000000;0.028912;25.012009;1.011512;1.112099;1.000000;0.001706;12.844358;1.070231;1.460102;1.000000;-0.006125;17.548850;1.096350;1.194710;
1.000000;0.705682;0.004988;0.852195;0.501933;0.479878;0.806683;0.729389;0.936393;0.715059;0.725833;0.762639;0.789587;0.779911;0.729957;1.000000;303.043435;815.726048;0.801920;5.000000;1.000000;-1.115610;14.739577;0.269559;5.000000;1.000000;226.788209;502.452650;0.888074;3.580858;1.000000;37.338940;121.781835;0.806683;5.000000;1.000000;19.922166;110.553221;0.983655;3.448610;
1.000001;0.705682;0.004988;0.852194;0.501932;0.479877;0.806682;0.729388;0.936393;0.715058;0.725832;0.762638;0.789585;0.779909;0.729956;1.000000;303.042811;815.724165;0.801919;5.000000;1.000000;-1.115601;14.739468;0.269558;5.000000;1.000000;226.787967;502.451945;0.888074;3.580871;1.000000;37.338590;121.781272;0.806682;5.000000;1.000000;19.922265;110.553342;0.983655;3.448613;
1.000002;0.705681;0.004988;0.852193;0.501932;0.479877;0.806681;0.729388;0.936392;0.715058;0.725831;0.762637;0.789584;0.779908;0.729955;1.000000;303.042188;815.722282;0.801918;5.000000;1.000000;-1.115593;14.739359;0.269557;5.000000;1.000000;226.787725;502.451241;0.888073;3.580884;1.000000;37.338240;121.780709;0.806681;5.000000;1.000000;19.922364;110.553463;0.983654;3.448616;
1.000004;0.705679;0.004988;0.852192;0.501931;0.479875;0.806678;0.729387;0.936392;0.715056;0.725830;0.762635;0.789582;0.779906;0.729953;1.000000;303.040942;815.718516;0.801916;5.000000;1.000000;-1.115575;14.739140;0.269554;5.000000;1.000000;226.787241;502.449832;0.888072;3.580911;1.000000;37.337540;121.779583;0.806678;5.000000;1.000000;19.922562;110.553704;0.983654;3.448622;
1.000008;0.705676;0.004988;0.852190;0.501929;0.479873;0.806673;0.729385;0.936391;0.715054;0.725827;0.762631;0.789577;0.779901;0.729950;1.000000;303.038450;815.710985;0.801913;5.000000;1.000000;-1.115540;14.738704;0.269550;5.000000;1.000000;226.786274;502.447015;0.888069;3.580963;1.000000;37.336140;121.777332;0.806673;5.000000;1.000000;19.922959;110.554187;0.983654;3.448635;
1.000013;0.705671;0.004988;0.852186;0.501926;0.479870;0.806665;0.729382;0.936390;0.715050;0.725823;0.762625;0.789570;0.779894;0.729945;1.000000;303.035022;815.700626;0.801908;5.000000;1.000000;-1.115492;14.738103;0.269543;5.000000;1.000000;226.784943;502.443140;0.888066;3.581036;0.999999;37.334215;121.774236;0.806665;5.000000;1.000000;19.923505;110.554850;0.983653;3.448653;
1.000013;0.705671;0.004988;0.852186;0.501926;0.479870;0.806665;0.729382;0.936390;0.715050;0.725823;0.762625;0.789570;0.779894;0.729945;1.000000;303.035022;815.700626;0.801908;5.000000;1.000000;-1.115492;14.738103;0.269543;5.000000;1.000000;226.784943;502.443140;0.888066;3.581036;0.999999;37.334215;121.774236;0.806665;5.000000;1.000000;19.923505;110.554850;0.983653;3.448653;
1.000014;0.705670;0.004988;0.852186;0.501926;0.479869;0.806664;0.729381;0.936390;0.715050;0.725822;0.762624;0.789568;0.779893;0.729944;1.000000;303.034399;815.698743;0.801907;5.000000;1.000000;-1.115483;14.737994;0.269542;5.000000;1.000000;226.784701;502.442436;0.888065;3.581049;0.999999;37.333865;121.773674;0.806664;5.000000;1.000000;19.923604;110.554971;0.983652;3.448656;
1.000015;0.705670;0.004988;0.852185;0.501925;0.479869;0.806663;0.729381;0.936389;0.715049;0.725821;0.762623;0.789567;0.779892;0.729944;1.000000;303.033776;815.696861;0.801906;5.000000;1.000000;-1.115474;14.737885;0.269541;5.000000;1.000000;226.784459;502.441732;0.888064;3.581062;0.999999;37.333515;121.773111;0.806663;5.000000;1.000000;19.923704;110.555092;0.983652;3.448659;
1.000017;0.705668;0.004988;0.852184;0.501924;0.479868;0.806660;0.729380;0.936389;0.715048;0.725820;0.762621;0.789565;0.779890;0.729942;1.000000;303.032531;815.693096;0.801904;5.000000;1.000000;-1.115457;14.737666;0.269539;5.000000;1.000000;226.783976;502.440324;0.888063;3.581088;0.999999;37.332816;121.771986;0.806660;5.000000;1.000000;19.923902;110.555333;0.983652;3.448665;
1.000019;0.705667;0.004988;0.852183;0.501923;0.479867;0.806658;0.729379;0.936389;0.715047;0.725819;0.762620;0.789563;0.779888;0.729941;1.000000;303.031625;815.690359;0.801902;5.000000;1.000000;-1.115444;14.737508;0.269537;5.000000;1.000000;226.783624;502.439300;0.888062;3.581107;0.999999;37.332307;121.771168;0.806658;5.000000;1.000000;19.924046;110.555508;0.983652;3.448670;
1.000019;0.705667;0.004988;0.852183;0.501923;0.479867;0.806658;0.729379;0.936389;0.715047;0.725819;0.762620;0.789563;0.779888;0.729941;1.000000;303.031625;815.690359;0.801902;5.000000;1.000000;-1.115444;14.737508;0.269537;5.000000;1.000000;226.783624;502.439300;0.888062;3.581107;0.999999;37.332307;121.771168;0.806658;5.000000;1.000000;19.924046;110.555508;0.983652;3.448670;
1.000019;0.705667;0.004988;0.852183;0.501923;0.479867;0.806658;0.729379;0.936389;0.715047;0.725819;0.762620;0.789563;0.779888;0.729941;1.000000;303.031625;815.690359;0.801902;5.000000;1.000000;-1.115444;14.737508;0.269537;5.000000;1.000000;226.783624;502.439300;0.888062;3.581107;0.999999;37.332307;121.771168;0.806658;5.000000;1.000000;19.924046;110.555508;0.983652;3.448670;
1.000021;0.705665;0.004988;0.852181;0.501922;0.479865;0.806655;0.729378;0.936388;0.715045;0.725817;0.762617;0.789560;0.779885;0.729939;1.000000;303.030039;815.685567;0.801900;5.000000;1.000000;-1.115422;14.737230;0.269534;5.000000;1.000000;226.783009;502.437508;0.888060;3.581141;0.999999;37.331416;121.769737;0.806655;5.000000;1.000000;19.924299;110.555815;0.983651;3.448678;
1.000029;0.705658;0.004988;0.852176;0.501918;0.479861;0.806644;0.729374;0.936386;0.715040;0.725811;0.762609;0.789550;0.779875;0.729932;1.000000;303.025057;815.670510;0.801893;5.000000;1.000000;-1.115352;14.736357;0.269524;5.000000;0.999999;226.781074;502.431876;0.888055;3.581246;0.999999;37.328619;121.765239;0.806644;5.000000;1.000000;19.925092;110.556780;0.983650;3.448703;
1.000045;0.705645;0.004987;0.852166;0.501910;0.479851;0.806624;0.729366;0.936383;0.715031;0.725799;0.762593;0.789530;0.779856;0.729918;1.000000;303.015094;815.640402;0.801878;5.000000;1.000000;-1.115212;14.734611;0.269506;5.000000;0.999999;226.777206;502.420615;0.888045;3.581456;0.999998;37.323027;121.756248;0.806624;5.000000;1.000000;19.926678;110.558709;0.983648;3.448754;
1.000077;0.705619;0.004987;0.852146;0.501894;0.479833;0.806582;0.729351;0.936376;0.715011;0.725776;0.762561;0.789490;0.779818;0.729891;1.000000;302.995178;815.580214;0.801848;5.000000;1.000000;-1.114933;14.731122;0.269468;5.000000;0.999999;226.769473;502.398103;0.888024;3.581876;0.999996;37.311854;121.738285;0.806582;5.000000;0.999999;19.929847;110.562564;0.983642;3.448856;
1.000141;0.705566;0.004986;0.852105;0.501861;0.479795;0.806498;0.729320;0.936361;0.714971;0.725729;0.762497;0.789410;0.779742;0.729836;0.999999;302.955381;815.459942;0.801788;5.000000;1.000001;-1.114374;14.724153;0.269393;5.000000;0.999998;226.754015;502.353125;0.887982;3.582716;0.999993;37.289553;121.702439;0.806498;5.000000;0.999998;19.936174;110.570263;0.983632;3.449058;
1.000269;0.705461;0.004984;0.852024;0.501797;0.479721;0.806331;0.729258;0.936333;0.714892;0.725636;0.762369;0.789251;0.779591;0.729727;0.999998;302.875928;815.219812;0.801669;5.000000;1.000001;-1.113260;14.710249;0.269243;5.000000;0.999996;226.723139;502.263343;0.887898;3.584392;0.999987;37.245132;121.631060;0.806331;5.000000;0.999996;19.948785;110.585620;0.983612;3.449461;
1.000525;0.705252;0.004980;0.851863;0.501669;0.479574;0.806001;0.729135;0.936277;0.714735;0.725452;0.762115;0.788935;0.779291;0.729512;0.999997;302.717588;814.741214;0.801432;5.000000;1.000001;-1.111039;14.682576;0.268945;5.000000;0.999993;226.661541;502.084476;0.887731;3.587730;0.999975;37.157008;121.489547;0.806001;5.000000;0.999993;19.973840;110.616167;0.983572;3.450261;
1.001037;0.704836;0.004973;0.851544;0.501415;0.479282;0.805349;0.728892;0.936167;0.714425;0.725087;0.761615;0.788313;0.778699;0.729086;0.999994;302.403156;813.790617;0.800961;5.000000;1.000001;-1.106636;14.627767;0.268352;5.000000;0.999987;226.538972;501.729519;0.887400;3.594351;0.999950;36.983582;121.211437;0.805349;5.000000;0.999985;20.023286;110.676602;0.983494;3.451832;
1.002061;0.704017;0.004958;0.850916;0.500920;0.478712;0.804085;0.728419;0.935954;0.713821;0.724379;0.760644;0.787107;0.777550;0.728259;0.999988;301.783209;811.915519;0.800032;5.000000;1.000002;-1.097972;14.520253;0.267188;5.000000;0.999975;226.296357;501.030587;0.886749;3.607377;0.999901;36.647674;120.674373;0.804085;5.000000;0.999970;20.119602;110.794897;0.983342;3.454866;
1.004109;0.702422;0.004929;0.849702;0.499974;0.477625;0.801703;0.727522;0.935553;0.712680;0.723041;0.758812;0.784833;0.775386;0.726699;0.999977;300.578366;808.267329;0.798224;5.000000;1.000004;-1.081193;14.313340;0.264935;5.000000;0.999950;225.821388;499.675729;0.885488;3.632586;0.999805;36.017013;119.673007;0.801703;5.000000;0.999939;20.302539;111.021655;0.983059;3.460519;
1.008205;0.699403;0.004875;0.847428;0.498247;0.475639;0.797480;0.725911;0.934850;0.710636;0.720652;0.755557;0.780800;0.771546;0.723920;0.999955;298.303937;801.360781;0.794798;5.000000;1.000008;-1.049660;13.929677;0.260715;5.000000;0.999900;224.913394;497.130856;0.883128;3.679788;0.999616;34.901573;117.933521;0.797480;5.000000;0.999878;20.633970;111.439230;0.982572;3.470270;
1.012301;0.696601;0.004825;0.845353;0.496723;0.473888;0.793918;0.724527;0.934268;0.708889;0.718618;0.752801;0.777396;0.768303;0.721561;0.999934;296.203131;794.950369;0.791615;5.000000;1.000013;-1.020603;13.583144;0.256854;5.000000;0.999850;224.061783;494.796349;0.880973;3.722896;0.999434;33.958861;116.510279;0.793917;5.000000;0.999816;20.924296;111.812955;0.982181;3.478086;
1.020493;0.691581;0.004738;0.841731;0.494181;0.470967;0.788391;0.722322;0.933411;0.706127;0.715421;0.748505;0.772110;0.763266;0.717870;0.999893;292.477008;783.462235;0.785905;5.000000;1.000022;-0.968605;12.983792;0.250061;5.000000;0.999752;222.528979;490.695578;0.877208;3.798181;0.999082;32.457553;114.414220;0.788391;5.000000;0.999690;21.413031;112.454712;0.981645;3.488809;
1.028685;0.687275;0.004666;0.838754;0.492229;0.468717;0.784680;0.720769;0.932913;0.704213;0.713228;0.745600;0.768554;0.759877;0.715356;0.999855;289.338481;773.600803;0.780998;5.000000;1.000032;-0.923552;12.492254;0.244371;5.000000;0.999655;221.218039;487.290467;0.874111;3.860133;0.998745;31.364158;113.150788;0.784678;5.000000;0.999562;21.802522;112.976967;0.981398;3.493754;
1.036877;0.683599;0.004605;0.836341;0.490755;0.467007;0.782391;0.719745;0.932709;0.702981;0.711837;0.743792;0.766355;0.757784;0.713776;0.999818;286.726410;765.171334;0.776802;5.000000;1.000042;-0.884008;12.088566;0.239613;5.000000;0.999558;220.120214;484.500124;0.871597;3.910411;0.998419;30.552444;112.525662;0.782387;5.000000;0.999434;22.122037;113.406406;0.981390;3.493911;
1.045069;0.680476;0.004554;0.834418;0.489667;0.465726;0.781201;0.719144;0.932745;0.702294;0.711080;0.742840;0.765205;0.756694;0.712928;0.999784;284.583547;757.998192;0.773232;5.000000;1.000053;-0.848802;11.756308;0.235634;5.000000;0.999462;219.223020;482.250418;0.869591;3.950522;0.998102;29.926387;112.386858;0.781197;5.000000;0.999304;22.393725;113.764753;0.981579;3.490126;
1.053261;0.677837;0.004512;0.832921;0.488889;0.464787;0.780859;0.718882;0.932977;0.702041;0.710825;0.742556;0.764865;0.756380;0.712655;0.999750;282.858088;751.926836;0.770211;5.000000;1.000064;-0.816990;11.482219;0.232303;5.000000;0.999367;218.511850;480.474812;0.868027;3.981801;0.997792;29.415805;112.619068;0.780855;5.000000;0.999173;22.633662;114.068936;0.981931;3.483095;
1.061453;0.675623;0.004476;0.831792;0.488360;0.464120;0.781167;0.718891;0.933369;0.702133;0.710965;0.742788;0.765147;0.756663;0.712830;0.999718;281.503535;746.821818;0.767673;5.000000;1.000076;-0.787812;11.255612;0.229514;5.000000;0.999273;217.971212;479.114241;0.866846;4.005419;0.997488;28.969962;113.134394;0.781163;5.000000;0.999042;22.853239;114.332105;0.982416;3.473394;
1.069645;0.673781;0.004447;0.830982;0.488032;0.463669;0.781972;0.719118;0.933892;0.702499;0.711415;0.743422;0.765904;0.757406;0.713354;0.999687;280.478514;742.564862;0.765559;5.000000;1.000088;-0.760659;11.067869;0.227174;5.000000;0.999179;217.585591;478.116491;0.865997;4.022399;0.997190;28.552576;113.865917;0.781969;5.000000;0.998911;23.060373;114.564401;0.983011;3.461492;
1.077837;0.672265;0.004423;0.830447;0.487865;0.463387;0.783155;0.719517;0.934520;0.703084;0.712110;0.744364;0.767023;0.758498;0.714149;0.999656;279.746376;739.052635;0.763818;5.000000;1.000099;-0.735036;10.912019;0.225210;5.000000;0.999085;217.340058;477.435504;0.865436;4.033636;0.996897;28.137777;114.762652;0.783152;5.000000;0.998779;23.260530;114.773626;0.983696;3.447779;
1.086029;0.671034;0.004402;0.830151;0.487826;0.463240;0.784624;0.720055;0.935235;0.703841;0.712997;0.745544;0.768417;0.759858;0.715154;0.999626;279.274742;736.194829;0.762404;5.000000;1.000111;-0.710538;10.782397;0.223557;5.000000;0.998992;217.220606;477.030713;0.865122;4.039909;0.996609;27.707201;115.785666;0.784622;5.000000;0.998646;23.457432;114.965784;0.984456;3.432577;
1.100000;0.669459;0.004374;0.830071;0.487962;0.463191;0.787534;0.721188;0.936593;0.705400;0.714799;0.747901;0.771183;0.762556;0.717180;0.999574;278.962737;732.533893;0.760594;5.000000;1.000132;-0.670211;10.605340;0.221264;5.000000;0.998834;217.257342;476.842781;0.865032;4.041711;0.996132;26.894819;117.714962;0.787535;5.000000;0.998420;23.793304;115.270212;0.985875;3.404205;
1.100000;0.980981;0.918161;0.965834;0.936702;0.933279;1.014650;1.010387;1.070465;1.002021;0.997426;1.002849;1.000413;0.996260;0.982410;0.999574;213.919816;67.622966;0.986837;2.876386;1.000132;55.754116;-122.125576;0.906301;4.118890;0.998834;-1.480481;86.575324;0.971267;1.917009;0.996132;-17.729535;29.346994;1.014650;2.571722;0.998420;2.606493;36.514740;1.084110;1.439510;
1.100001;0.980982;0.918163;0.965835;0.936703;0.933280;1.014652;1.010389;1.070466;1.002022;0.997428;1.002851;1.000415;0.996262;0.982411;0.999574;213.920277;67.621287;0.986839;2.876362;1.000132;55.754720;-122.122974;0.906304;4.118843;0.998834;-1.481076;86.574413;0.971268;1.916991;0.996132;-17.729337;29.347245;1.014652;2.571684;0.998420;2.606328;36.514357;1.084110;1.439499;
1.100002;0.980984;0.918166;0.965836;0.936705;0.933282;1.014654;1.010390;1.070466;1.002024;0.997429;1.002853;1.000417;0.996264;0.982413;0.999574;213.920738;67.619606;0.986840;2.876334;1.000132;55.755324;-122.120376;0.906307;4.118786;0.998834;-1.481672;86.573501;0.971269;1.916974;0.996132;-17.729140;29.347495;1.014654;2.571642;0.998420;2.606164;36.513974;1.084111;1.439489;
1.100004;0.980987;0.918171;0.965838;0.936709;0.933286;1.014659;1.010393;1.070468;1.002027;0.997432;1.002857;1.000421;0.996268;0.982416;0.999574;213.921660;67.616244;0.986843;2.876278;1.000132;55.756531;-122.115178;0.906312;4.118673;0.998834;-1.482862;86.571678;0.971270;1.916938;0.996132;-17.728745;29.347995;1.014659;2.571559;0.998420;2.605834;36.513208;1.084112;1.439468;
1.100008;0.980993;0.918181;0.965842;0.936716;0.933294;1.014667;1.010398;1.070470;1.002033;0.997439;1.002864;1.000429;0.996276;0.982423;0.999574;213.923504;67.609521;0.986849;2.876166;1.000132;55.758947;-122.104783;0.906324;4.118448;0.998834;-1.485244;86.568033;0.971274;1.916868;0.996132;-17.727955;29.348995;1.014667;2.571393;0.998420;2.605176;36.511676;1.084114;1.439426;
1.100016;0.981006;0.918201;0.965849;0.936730;0.933309;1.014683;1.010409;1.070476;1.002045;0.997452;1.002879;1.000446;0.996291;0.982437;0.999574;213.927192;67.596077;0.986860;2.875943;1.000132;55.763777;-122.083995;0.906346;4.117996;0.998834;-1.490006;86.560742;0.971281;1.916727;0.996133;-17.726376;29.350995;1.014683;2.571060;0.998420;2.603860;36.508613;1.084118;1.439342;
1.100032;0.981030;0.918242;0.965864;0.936758;0.933339;1.014717;1.010430;1.070487;1.002069;0.997477;1.002908;1.000478;0.996323;0.982464;0.999575;213.934568;67.569196;0.986882;2.875496;1.000132;55.773438;-122.042425;0.906391;4.117094;0.998834;-1.499527;86.546164;0.971295;1.916446;0.996133;-17.723222;29.354992;1.014717;2.570395;0.998420;2.601228;36.502488;1.084127;1.439175;
1.100064;0.981080;0.918323;0.965895;0.936813;0.933399;1.014783;1.010473;1.070508;1.002118;0.997529;1.002966;1.000542;0.996386;0.982518;0.999575;213.949319;67.515460;0.986927;2.874602;1.000132;55.792759;-121.959313;0.906481;4.115290;0.998834;-1.518562;86.517024;0.971323;1.915884;0.996134;-17.716929;29.362981;1.014783;2.569066;0.998420;2.595968;36.490245;1.084143;1.438840;
1.100128;0.981179;0.918485;0.965955;0.936925;0.933518;1.014916;1.010559;1.070551;1.002215;0.997631;1.003083;1.000671;0.996511;0.982626;0.999575;213.978817;67.408096;0.987016;2.872817;1.000132;55.831392;-121.793195;0.906662;4.111685;0.998834;-1.556593;86.458802;0.971379;1.914760;0.996135;-17.704403;29.378931;1.014916;2.566412;0.998420;2.585461;36.465784;1.084177;1.438171;
1.100256;0.981376;0.918808;0.966075;0.937149;0.933758;1.015181;1.010730;1.070637;1.002409;0.997835;1.003316;1.000928;0.996762;0.982841;0.999575;214.037797;67.193798;0.987194;2.869252;1.000132;55.908628;-121.461388;0.907022;4.104488;0.998834;-1.632510;86.342591;0.971492;1.912516;0.996138;-17.679589;29.410722;1.015181;2.561117;0.998420;2.564503;36.416962;1.084244;1.436835;
1.100512;0.981770;0.919453;0.966314;0.937593;0.934234;1.015707;1.011071;1.070809;1.002795;0.998242;1.003779;1.001440;0.997260;0.983269;0.999575;214.155694;66.766915;0.987550;2.862143;1.000131;56.062983;-120.799485;0.907739;4.090147;0.998834;-1.783757;86.111103;0.971715;1.908042;0.996144;-17.630910;29.473867;1.015707;2.550582;0.998420;2.522804;36.319722;1.084377;1.434173;
1.101024;0.982552;0.920733;0.966791;0.938475;0.935179;1.016750;1.011747;1.071149;1.003560;0.999049;1.004697;1.002452;0.998248;0.984118;0.999576;214.391229;65.919953;0.988257;2.848008;1.000131;56.371205;-119.482512;0.909163;4.061668;0.998834;-2.083933;85.651834;0.972160;1.899148;0.996157;-17.537282;29.598421;1.016750;2.529726;0.998420;2.440269;36.126841;1.084641;1.428892;
1.102048;0.984098;0.923256;0.967731;0.940212;0.937039;1.018793;1.013077;1.071819;1.005065;1.000633;1.006497;1.004436;1.000183;0.985785;0.999578;214.861172;64.252888;0.989653;2.820069;1.000130;56.985611;-116.875792;0.911970;4.005520;0.998835;-2.675193;84.747926;0.973039;1.881574;0.996181;-17.364486;29.840665;1.018793;2.488863;0.998419;2.278549;35.747383;1.085161;1.418494;
1.104096;0.987113;0.928162;0.969566;0.943576;0.940638;1.022716;1.015650;1.073118;1.007974;1.003692;1.009963;1.008246;1.003901;0.988997;0.999581;215.795936;61.023363;0.992382;2.765488;1.000127;58.205614;-111.770372;0.917427;3.896378;0.998836;-3.822721;82.997074;0.974754;1.847268;0.996229;-17.073212;30.298333;1.022716;2.410404;0.998419;1.967780;35.012944;1.086169;1.398331;
1.108192;0.992856;0.937438;0.973058;0.949896;0.947391;1.029953;1.020470;1.075556;1.013416;1.009396;1.016389;1.015279;1.010773;0.994969;0.999586;217.640682;54.961096;0.997592;2.661304;1.000121;60.605764;-101.983738;0.927742;3.690073;0.998839;-5.987916;79.711399;0.978023;1.781886;0.996323;-16.682311;31.111861;1.029953;2.265659;0.998419;1.391697;33.636387;1.088065;1.360402;
1.112288;0.998231;0.946035;0.976324;0.955704;0.953582;1.036435;1.024882;1.077795;1.018383;1.014584;1.022186;1.021583;1.016941;1.000375;0.999591;219.446835;49.405025;1.002483;2.563485;1.000115;62.944606;-92.763527;0.937299;3.498940;0.998843;-7.991941;76.700376;0.981086;1.720636;0.996416;-16.515006;31.794862;1.036435;2.136037;0.998421;0.869672;32.376360;1.089811;1.325489;
1.120480;1.007991;0.961435;0.982245;0.965990;0.964519;1.047501;1.032649;1.081758;1.027095;1.023634;1.032185;1.032357;1.027508;1.009749;0.999600;222.918054;39.617161;1.011402;2.385104;1.000100;67.413650;-75.905290;0.954407;3.156786;0.998851;-11.594595;71.397759;0.986651;1.609332;0.996601;-16.662814;32.832153;1.047501;1.914719;0.998429;-0.049165;30.158212;1.092909;1.263518;
1.128672;1.016539;0.974666;0.987416;0.974692;0.973739;1.056364;1.039163;1.085105;1.034356;1.031118;1.040318;1.041002;1.036015;1.017433;0.999606;226.180071;31.443126;1.019259;2.227963;1.000082;71.565510;-61.108670;0.969090;2.863115;0.998860;-14.721163;66.967052;0.991527;1.511807;0.996790;-17.286653;33.480068;1.056363;1.737460;0.998442;-0.832991;28.301702;1.095538;1.210941;
1.136864;1.024016;0.986019;0.991924;0.982052;0.981514;1.063444;1.044621;1.087931;1.040400;1.037299;1.046921;1.047922;1.042847;1.023722;0.999610;229.215703;24.654942;1.026171;2.089717;1.000063;75.375419;-48.216479;0.981677;2.611378;0.998871;-17.452964;63.283546;0.995791;1.426530;0.996985;-18.195173;33.819728;1.063444;1.595854;0.998459;-1.517371;26.751130;1.097767;1.166363;
1.145056;1.030553;0.995757;0.995847;0.988281;0.988077;1.069094;1.049194;1.090317;1.045429;1.042402;1.052279;1.053456;1.048330;1.028869;0.999613;232.019121;19.041373;1.032246;1.968213;1.000041;78.836059;-37.045391;0.992460;2.395718;0.998883;-19.856486;60.233233;0.999513;1.352084;0.997190;-19.246310;33.925182;1.069094;1.482842;0.998481;-2.128252;25.457215;1.099657;1.128571;
1.153248;1.036264;1.004105;0.999256;0.993557;0.993624;1.073602;1.053028;1.092331;1.049612;1.046615;1.056628;1.057881;1.052729;1.033080;0.999614;234.592162;14.415024;1.037581;1.861518;1.000018;81.949031;-27.406922;1.001695;2.211027;0.998896;-21.985637;57.715787;1.002758;1.287197;0.997404;-20.334435;33.856140;1.073602;1.392697;0.998505;-2.684810;24.377819;1.101259;1.096535;
1.161440;1.041250;1.011261;1.002215;0.998030;0.998319;1.077196;1.056243;1.094031;1.053093;1.050093;1.060157;1.061420;1.056258;1.036527;0.999613;236.941980;10.613339;1.042261;1.767912;0.999992;84.723515;-19.119241;1.009601;2.052896;0.998910;-23.883542;55.644466;1.005581;1.230733;0.997628;-21.385373;33.660593;1.077197;1.320798;0.998533;-3.200626;23.477336;1.102616;1.069387;
1.169632;1.045601;1.017394;1.004778;1.001827;1.002300;1.080063;1.058940;1.095466;1.055986;1.052964;1.063022;1.064249;1.059090;1.039350;0.999611;239.079189;7.497340;1.046364;1.685867;0.999966;87.173278;-12.012794;1.016369;1.917540;0.998924;-25.584539;53.945209;1.008033;1.181685;0.997862;-22.349094;33.375220;1.080063;1.263464;0.998563;-3.685093;22.726011;1.103765;1.046397;
1.177824;1.049394;1.022648;1.006995;1.005051;1.005681;1.082348;1.061201;1.096676;1.058391;1.055333;1.065346;1.066512;1.061360;1.041659;0.999607;241.016170;4.948910;1.049955;1.614034;0.999938;89.314374;-5.932886;1.022160;1.801714;0.998939;-27.116322;52.555054;1.010159;1.139159;0.998103;-23.192371;33.027475;1.082348;1.217765;0.998596;-4.144738;22.098989;1.104738;1.026955;
1.194208;1.055642;1.031119;1.010600;1.010209;1.011095;1.085716;1.064750;1.098582;1.062112;1.058968;1.068844;1.069860;1.064731;1.045173;0.999597;244.357777;1.070393;1.055899;1.495157;0.999880;92.775300;3.852448;1.031484;1.615233;0.998971;-29.783123;50.446227;1.013627;1.069807;0.998604;-24.437762;32.235068;1.085716;1.150399;0.998669;-5.009137;21.118801;1.106273;0.996239;
1.210592;1.060374;1.037334;1.013269;1.013966;1.015055;1.087856;1.067246;1.099926;1.064660;1.061426;1.071138;1.072004;1.066895;1.047518;0.999583;247.057138;-1.520298;1.060431;1.404527;0.999818;95.193919;10.973675;1.038311;1.478694;0.999005;-31.990496;49.044835;1.016205;1.018251;0.999118;-25.047522;31.358387;1.087856;1.107607;0.998751;-5.810410;20.431562;1.107358;0.974539;
1.226976;1.063923;1.041852;1.015213;1.016704;1.017966;1.089190;1.068980;1.100853;1.066365;1.063048;1.072609;1.073355;1.068255;1.049049;0.999567;249.201113;-3.236580;1.063847;1.336193;0.999755;96.686242;16.099394;1.043265;1.379621;0.999040;-33.828260;48.125851;1.018088;0.980582;0.999634;-25.011083;30.446279;1.089190;1.080935;0.998841;-6.556031;19.951390;1.108105;0.959605;
1.239442;1.066010;1.044447;1.016321;1.018300;1.019685;1.089863;1.069935;1.101354;1.067261;1.063891;1.073360;1.074044;1.068942;1.049843;0.999553;250.513300;-4.163975;1.065864;1.295851;0.999706;97.273683;19.025320;1.046106;1.322794;0.999068;-35.025357;47.635958;1.019164;0.959071;1.000019;-24.564488;29.744117;1.089863;1.067475;0.998914;-7.087519;19.681487;1.108505;0.951605;
1.239442;1.066010;1.044447;1.016321;1.018300;1.019685;1.089863;1.069935;1.101354;1.067261;1.063891;1.073360;1.074044;1.068942;1.049843;0.999553;250.513300;-4.163975;1.065864;1.295851;0.999706;97.273683;19.025320;1.046106;1.322794;0.999068;-35.025357;47.635958;1.019164;0.959071;1.000019;-24.564488;29.744117;1.089863;1.067475;0.998914;-7.087519;19.681487;1.108505;0.951605;
1.239442;1.066010;1.044447;1.016321;1.018300;1.019685;1.089863;1.069935;1.101354;1.067261;1.063891;1.073360;1.074044;1.068942;1.049843;0.999553;250.513300;-4.163975;1.065864;1.295851;0.999706;97.273683;19.025320;1.046106;1.322794;0.999068;-35.025357;47.635958;1.019164;0.959071;1.000019;-24.564488;29.744117;1.089863;1.067475;0.998914;-7.087519;19.681487;1.108505;0.951605;
1.239445;1.066011;1.044447;1.016321;1.018300;1.019685;1.089863;1.069936;1.101354;1.067261;1.063891;1.073360;1.074044;1.068942;1.049843;0.999553;250.513546;-4.164135;1.065865;1.295844;0.999706;97.273756;19.025844;1.046107;1.322783;0.999068;-35.025589;47.635875;1.019164;0.959068;1.000019;-24.564356;29.743969;1.089863;1.067473;0.998914;-7.087627;19.681439;1.108505;0.951603;
1.239445;1.066010;1.044446;1.016321;1.018299;1.019684;1.089863;1.069935;1.101354;1.067261;1.063891;1.073360;1.074044;1.068942;1.049842;0.999553;250.510509;-4.163651;1.065864;1.295865;0.999706;97.279073;19.023796;1.046105;1.322810;0.999068;-35.027334;47.637298;1.019164;0.959075;1.000019;-24.565035;29.744762;1.089863;1.067474;0.998914;-7.087673;19.681631;1.108505;0.951606;
1.239446;1.066010;1.044446;1.016321;1.018300;1.019684;1.089863;1.069935;1.101354;1.067261;1.063891;1.073360;1.074044;1.068942;1.049843;0.999553;250.510602;-4.163708;1.065864;1.295862;0.999706;97.279099;19.023989;1.046106;1.322806;0.999068;-35.027422;47.637268;1.019164;0.959074;1.000019;-24.564984;29.744705;1.089863;1.067473;0.998914;-7.087714;19.681613;1.108505;0.951605;
1.239447;1.066010;1.044447;1.016321;1.018300;1.019684;1.089863;1.069935;1.101354;1.067261;1.063891;1.073360;1.074044;1.068942;1.049843;0.999553;250.510695;-4.163766;1.065864;1.295859;0.999706;97.279126;19.024183;1.046106;1.322802;0.999068;-35.027510;47.637238;1.019164;0.959072;1.000019;-24.564934;29.744648;1.089863;1.067472;0.998914;-7.087755;19.681596;1.108505;0.951605;
1.239449;1.066010;1.044447;1.016321;1.018300;1.019684;1.089863;1.069935;1.101354;1.067261;1.063891;1.073360;1.074044;1.068942;1.049843;0.999553;250.510881;-4.163880;1.065864;1.295854;0.999706;97.279178;19.024570;1.046106;1.322794;0.999068;-35.027686;47.637178;1.019164;0.959070;1.000019;-24.564832;29.744535;1.089863;1.067471;0.998914;-7.087838;19.681561;1.108505;0.951604;
1.239453;1.066011;1.044448;1.016321;1.018300;1.019685;1.089863;1.069936;1.101354;1.067261;1.063892;1.073360;1.074044;1.068943;1.049843;0.999553;250.511254;-4.164110;1.065865;1.295843;0.999706;97.279283;19.025343;1.046107;1.322779;0.999068;-35.028037;47.637058;1.019164;0.959064;1.000019;-24.564629;29.744307;1.089863;1.067467;0.998914;-7.088003;19.681490;1.108505;0.951602;
1.239461;1.066012;1.044449;1.016322;1.018301;1.019686;1.089863;1.069936;1.101354;1.067262;1.063892;1.073360;1.074045;1.068943;1.049843;0.999553;250.511999;-4.164568;1.065866;1.295821;0.999706;97.279492;19.026891;1.046109;1.322749;0.999068;-35.028741;47.636818;1.019165;0.959052;1.000020;-24.564222;29.743853;1.089863;1.067461;0.998914;-7.088334;19.681350;1.108505;0.951598;
1.239477;1.066014;1.044452;1.016323;1.018303;1.019688;1.089864;1.069937;1.101355;1.067263;1.063893;1.073361;1.074045;1.068943;1.049844;0.999553;250.513489;-4.165485;1.065868;1.295776;0.999706;97.279910;19.029985;1.046112;1.322688;0.999068;-35.030147;47.636338;1.019166;0.959029;1.000020;-24.563408;29.742944;1.089864;1.067449;0.998914;-7.088995;19.681069;1.108506;0.951590;
1.239509;1.066019;1.044457;1.016325;1.018306;1.019691;1.089865;1.069939;1.101356;1.067264;1.063894;1.073363;1.074047;1.068945;1.049846;0.999553;250.516469;-4.167318;1.065873;1.295688;0.999705;97.280744;19.036171;1.046118;1.322567;0.999068;-35.032960;47.635379;1.019168;0.958983;1.000021;-24.561779;29.741126;1.089865;1.067424;0.998914;-7.090316;19.680508;1.108507;0.951574;
1.239573;1.066028;1.044468;1.016330;1.018313;1.019699;1.089868;1.069943;1.101358;1.067268;1.063898;1.073365;1.074049;1.068947;1.049849;0.999552;250.522422;-4.170980;1.065881;1.295511;0.999705;97.282404;19.048530;1.046130;1.322324;0.999068;-35.038582;47.633463;1.019173;0.958891;1.000023;-24.558514;29.737491;1.089868;1.067375;0.998915;-7.092960;19.679386;1.108508;0.951542;
1.239701;1.066046;1.044490;1.016340;1.018327;1.019714;1.089873;1.069951;1.101362;1.067275;1.063904;1.073371;1.074054;1.068952;1.049855;0.999552;250.534310;-4.178291;1.065899;1.295157;0.999705;97.285689;19.073203;1.046154;1.321840;0.999069;-35.049815;47.629640;1.019182;0.958708;1.000027;-24.551956;29.730221;1.089873;1.067276;0.998916;-7.098243;19.677147;1.108511;0.951477;
1.239957;1.066082;1.044535;1.016358;1.018354;1.019744;1.089882;1.069966;1.101370;1.067289;1.063917;1.073382;1.074065;1.068962;1.049867;0.999552;250.558012;-4.192854;1.065934;1.294452;0.999704;97.292128;19.122364;1.046202;1.320875;0.999069;-35.072237;47.622024;1.019200;0.958343;1.000035;-24.538728;29.715681;1.089882;1.067081;0.998917;-7.108802;19.672686;1.108518;0.951350;
1.240469;1.066155;1.044622;1.016396;1.018409;1.019803;1.089902;1.069997;1.101386;1.067316;1.063943;1.073404;1.074085;1.068982;1.049891;0.999551;250.605113;-4.221753;1.066004;1.293052;0.999702;97.304475;19.219952;1.046298;1.318960;0.999070;-35.116902;47.606921;1.019236;0.957618;1.000051;-24.511830;29.686609;1.089902;1.066693;0.998920;-7.129880;19.663828;1.108530;0.951097;
1.241493;1.066297;1.044795;1.016469;1.018516;1.019920;1.089940;1.070058;1.101417;1.067370;1.063993;1.073448;1.074124;1.069021;1.049937;0.999550;250.698120;-4.278662;1.066142;1.290291;0.999698;97.327054;19.412238;1.046487;1.315186;0.999073;-35.205527;47.577210;1.019308;0.956192;1.000082;-24.456264;29.628488;1.089940;1.065933;0.998926;-7.171887;19.646371;1.108555;0.950601;
1.243541;1.066574;1.045130;1.016611;1.018725;1.020148;1.090013;1.070176;1.101477;1.067474;1.064089;1.073531;1.074200;1.069096;1.050027;0.999548;250.879415;-4.389081;1.066411;1.284921;0.999689;97.363842;19.785570;1.046853;1.307862;0.999077;-35.379993;47.519686;1.019446;0.953431;1.000145;-24.338110;29.512330;1.090013;1.064473;0.998939;-7.255289;19.612457;1.108603;0.949652;
1.247637;1.067097;1.045761;1.016877;1.019124;1.020583;1.090148;1.070395;1.101588;1.067664;1.064265;1.073683;1.074341;1.069233;1.050192;0.999543;251.223605;-4.597461;1.066919;1.274764;0.999673;97.404576;20.489717;1.047543;1.294059;0.999087;-35.718075;47.411554;1.019704;0.948258;1.000269;-24.074137;29.280289;1.090148;1.061773;0.998964;-7.419612;19.548361;1.108690;0.947906;
1.255829;1.068034;1.046883;1.017343;1.019846;1.021382;1.090381;1.070780;1.101778;1.067984;1.064560;1.073939;1.074586;1.069468;1.050471;0.999532;251.842031;-4.972403;1.067828;1.256587;0.999641;97.359592;21.745569;1.048770;1.269510;0.999106;-36.352905;47.218170;1.020158;0.939179;1.000512;-23.439088;28.816775;1.090381;1.057118;0.999017;-7.737968;19.433242;1.108836;0.944976;
1.272213;1.069538;1.048667;1.018061;1.021060;1.022748;1.090736;1.071373;1.102048;1.068429;1.064968;1.074301;1.074963;1.069813;1.050867;0.999510;252.825052;-5.604169;1.069283;1.227475;0.999577;96.800363;23.763033;1.050722;1.230477;0.999144;-37.470134;46.892575;1.020855;0.925253;1.000975;-21.771620;27.888190;1.090736;1.050015;0.999125;-8.329932;19.243348;1.109037;0.940968;
1.304981;1.071468;1.050945;1.018891;1.022882;1.024880;1.091175;1.072090;1.102289;1.068790;1.065292;1.074630;1.075441;1.070188;1.051226;0.999465;253.946549;-6.629685;1.071136;1.190425;0.999455;94.072237;26.462522;1.053223;1.180452;0.999222;-39.156551;46.330090;1.021650;0.909351;1.001762;-17.130339;26.005716;1.091175;1.041227;0.999355;-9.299117;18.962553;1.109176;0.938191;
1.337749;1.072350;1.052011;1.019160;1.024160;1.026466;1.091321;1.072370;1.102244;1.068646;1.065138;1.074555;1.075620;1.070231;1.051156;0.999419;254.129173;-7.496681;1.071952;1.174106;0.999342;89.528388;27.966427;1.054412;1.156687;0.999301;-40.147512;45.764785;1.021885;0.904653;1.002329;-11.162172;24.077786;1.091328;1.038171;0.999597;-9.928831;18.766416;1.109060;0.940506;
1.370517;1.072586;1.052371;1.019121;1.025137;1.027727;1.091205;1.072397;1.102023;1.068200;1.064680;1.074187;1.075540;1.070003;1.050794;0.999374;253.595174;-8.322780;1.072123;1.170670;0.999243;83.621904;28.854486;1.054843;1.148055;0.999381;-40.469619;45.093053;1.021805;0.906242;1.002639;-4.456220;22.114409;1.091229;1.040155;0.999841;-10.149962;18.610786;1.108785;0.946012;
1.392291;1.072533;1.052397;1.019016;1.025686;1.028440;1.090980;1.072335;1.101816;1.067811;1.064272;1.073815;1.075342;1.069711;1.050437;0.999345;252.949195;-8.863623;1.072028;1.172583;0.999186;79.188180;29.295368;1.054904;1.146841;0.999433;-40.312473;44.561225;1.021669;0.908973;1.002695;0.072181;20.813107;1.091015;1.044430;1.000000;-10.037341;18.515258;1.108547;0.950769;
1.392291;1.072533;1.052397;1.019016;1.025686;1.028440;1.090980;1.072335;1.101816;1.067811;1.064272;1.073815;1.075342;1.069711;1.050437;0.999345;252.949195;-8.863623;1.072028;1.172583;0.999186;79.188180;29.295368;1.054904;1.146841;0.999433;-40.312473;44.561225;1.021669;0.908973;1.002695;0.072181;20.813107;1.091015;1.044430;1.000000;-10.037341;18.515258;1.108547;0.950769;
1.392291;1.072533;1.052397;1.019016;1.025686;1.028440;1.090980;1.072335;1.101816;1.067811;1.064272;1.073815;1.075342;1.069711;1.050437;0.999345;252.949195;-8.863623;1.072028;1.172583;0.999186;79.188180;29.295368;1.054904;1.146841;0.999433;-40.312473;44.561225;1.021669;0.908973;1.002695;0.072181;20.813107;1.091015;1.044430;1.000000;-10.037341;18.515258;1.108547;0.950769;
1.392302;1.072533;1.052397;1.019015;1.025686;1.028441;1.090979;1.072335;1.101815;1.067811;1.064272;1.073815;1.075342;1.069710;1.050437;0.999345;252.948807;-8.863897;1.072028;1.172585;0.999186;79.185818;29.295563;1.054904;1.146842;0.999433;-40.312317;44.560937;1.021669;0.908975;1.002695;0.074503;20.812446;1.091015;1.044433;1.000000;-10.037231;18.515212;1.108547;0.950772;
1.392302;1.072536;1.052401;1.019017;1.025700;1.028457;1.091038;1.072353;1.101825;1.067836;1.064302;1.073859;1.075397;1.069763;1.050473;0.999345;252.949038;-8.873209;1.072029;1.172552;0.999186;79.183597;29.287531;1.054907;1.146783;0.999433;-40.315670;44.554444;1.021670;0.908943;1.002695;0.089045;20.841362;1.091036;1.044000;1.000000;-10.038986;18.510343;1.108551;0.950680;
1.392303;1.072536;1.052401;1.019017;1.025700;1.028457;1.091038;1.072353;1.101826;1.067836;1.064302;1.073859;1.075397;1.069763;1.050474;0.999345;252.949249;-8.873220;1.072029;1.172552;0.999186;79.183690;29.287544;1.054907;1.146783;0.999433;-40.315445;44.554378;1.021670;0.908943;1.002695;0.088359;20.841628;1.091038;1.043969;1.000000;-10.038828;18.510321;1.108551;0.950678;
1.392304;1.072536;1.052401;1.019017;1.025700;1.028457;1.091038;1.072353;1.101825;1.067836;1.064302;1.073859;1.075397;1.069763;1.050473;0.999345;252.949212;-8.873244;1.072029;1.172552;0.999186;79.183473;29.287559;1.054907;1.146783;0.999433;-40.315431;44.554353;1.021670;0.908944;1.002695;0.088574;20.841569;1.091038;1.043969;1.000000;-10.038819;18.510316;1.108551;0.950678;
1.392306;1.072536;1.052401;1.019017;1.025700;1.028457;1.091038;1.072353;1.101825;1.067836;1.064302;1.073859;1.075397;1.069763;1.050473;0.999345;252.949124;-8.873295;1.072029;1.172553;0.999186;79.183021;29.287589;1.054907;1.146783;0.999433;-40.315416;44.554304;1.021670;0.908944;1.002695;0.089059;20.841431;1.091038;1.043971;1.000000;-10.038809;18.510309;1.108551;0.950679;
1.392310;1.072536;1.052401;1.019017;1.025700;1.028457;1.091038;1.072353;1.101825;1.067836;1.064302;1.073859;1.075397;1.069763;1.050473;0.999345;252.948993;-8.873392;1.072029;1.172553;0.999186;79.182173;29.287648;1.054907;1.146784;0.999433;-40.315347;44.554198;1.021670;0.908945;1.002695;0.089863;20.841214;1.091038;1.043970;1.000000;-10.038762;18.510292;1.108551;0.950680;
1.392318;1.072535;1.052401;1.019017;1.025700;1.028457;1.091038;1.072353;1.101825;1.067836;1.064302;1.073858;1.075397;1.069763;1.050473;0.999345;252.948700;-8.873590;1.072029;1.172555;0.999186;79.180440;29.287767;1.054907;1.146784;0.999433;-40.315236;44.553992;1.021670;0.908946;1.002695;0.091581;20.840741;1.091038;1.043972;1.000000;-10.038687;18.510259;1.108551;0.950682;
1.392334;1.072535;1.052401;1.019017;1.025700;1.028458;1.091038;1.072353;1.101825;1.067836;1.064302;1.073858;1.075397;1.069763;1.050473;0.999345;252.948114;-8.873985;1.072029;1.172558;0.999186;79.176973;29.288005;1.054907;1.146786;0.999433;-40.315013;44.553580;1.021670;0.908949;1.002695;0.095017;20.839795;1.091038;1.043976;1.000000;-10.038537;18.510193;1.108551;0.950686;
1.392366;1.072535;1.052400;1.019017;1.025701;1.028459;1.091037;1.072353;1.101825;1.067835;1.064301;1.073858;1.075396;1.069762;1.050472;0.999345;252.946943;-8.874775;1.072029;1.172565;0.999186;79.170039;29.288482;1.054907;1.146788;0.999433;-40.314566;44.552756;1.021670;0.908955;1.002695;0.101889;20.837902;1.091037;1.043983;1.000001;-10.038236;18.510061;1.108551;0.950694;
1.392430;1.072535;1.052400;1.019017;1.025703;1.028461;1.091037;1.072352;1.101824;1.067834;1.064300;1.073856;1.075396;1.069761;1.050471;0.999345;252.944600;-8.876354;1.072028;1.172578;0.999185;79.156170;29.289434;1.054906;1.146793;0.999434;-40.313670;44.551108;1.021669;0.908966;1.002695;0.115633;20.834117;1.091037;1.043998;1.000001;-10.037632;18.509797;1.108550;0.950709;
1.392558;1.072533;1.052399;1.019016;1.025706;1.028464;1.091035;1.072352;1.101823;1.067831;1.064297;1.073854;1.075394;1.069759;1.050469;0.999345;252.939908;-8.879514;1.072027;1.172604;0.999185;79.128424;29.291339;1.054906;1.146803;0.999434;-40.311872;44.547809;1.021668;0.908990;1.002695;0.143117;20.826547;1.091035;1.044028;1.000002;-10.036419;18.509270;1.108548;0.950741;
1.392814;1.072531;1.052398;1.019014;1.025711;1.028472;1.091032;1.072351;1.101820;1.067826;1.064292;1.073849;1.075392;1.069756;1.050464;0.999345;252.930508;-8.885833;1.072024;1.172657;0.999184;79.072904;29.295150;1.054905;1.146824;0.999435;-40.308245;44.541202;1.021666;0.909036;1.002695;0.198071;20.811408;1.091032;1.044087;1.000004;-10.033969;18.508215;1.108545;0.950804;
1.393326;1.072527;1.052395;1.019010;1.025723;1.028488;1.091026;1.072348;1.101814;1.067816;1.064281;1.073839;1.075386;1.069748;1.050455;0.999344;252.911636;-8.898474;1.072019;1.172764;0.999183;78.961754;29.302771;1.054903;1.146865;0.999436;-40.300867;44.527953;1.021661;0.909129;1.002695;0.307924;20.781131;1.091026;1.044208;1.000008;-10.028975;18.506105;1.108539;0.950931;
1.394350;1.072518;1.052390;1.019002;1.025746;1.028518;1.091014;1.072343;1.101803;1.067795;1.064260;1.073820;1.075375;1.069732;1.050436;0.999343;252.873610;-8.923763;1.072008;1.172979;0.999181;78.739015;29.318015;1.054898;1.146950;0.999438;-40.285621;44.501313;1.021652;0.909314;1.002694;0.527399;20.720586;1.091014;1.044452;1.000015;-10.018607;18.501883;1.108526;0.951184;
1.396398;1.072500;1.052379;1.018987;1.025792;1.028579;1.090989;1.072333;1.101781;1.067754;1.064216;1.073780;1.075352;1.069701;1.050397;0.999340;252.796449;-8.974360;1.071986;1.173419;0.999176;78.291840;29.348514;1.054890;1.147128;0.999443;-40.253157;44.447470;1.021633;0.909687;1.002692;0.965343;20.599543;1.090989;1.044959;1.000030;-9.996349;18.493436;1.108501;0.951694;
1.400494;1.072462;1.052355;1.018956;1.025884;1.028699;1.090934;1.072312;1.101735;1.067670;1.064129;1.073698;1.075303;1.069634;1.050319;0.999335;252.637829;-9.075551;1.071940;1.174338;0.999166;77.391118;29.409597;1.054870;1.147514;0.999453;-40.180311;44.337552;1.021595;0.910438;1.002685;1.836594;20.357718;1.090934;1.046041;1.000060;-9.945683;18.476521;1.108449;0.952724;
1.408686;1.072379;1.052301;1.018893;1.026062;1.028931;1.090812;1.072267;1.101642;1.067500;1.063949;1.073526;1.075192;1.069488;1.050156;0.999324;252.304492;-9.277305;1.071841;1.176316;0.999147;75.567497;29.532366;1.054826;1.148395;0.999472;-40.002650;44.108938;1.021520;0.911949;1.002657;3.555685;19.875754;1.090812;1.048493;1.000118;-9.819337;18.442595;1.108344;0.954827;
1.425070;1.072190;1.052175;1.018772;1.026401;1.029364;1.090507;1.072170;1.101448;1.067156;1.063576;1.073146;1.074911;1.069147;1.049804;0.999305;251.581802;-9.673943;1.071620;1.180739;0.999113;71.857533;29.781854;1.054720;1.150523;0.999511;-39.517322;43.617795;1.021369;0.914964;1.002550;6.862957;18.923685;1.090507;1.054591;1.000233;-9.463996;18.374227;1.108126;0.959184;
1.441454;1.071973;1.052028;1.018656;1.026712;1.029749;1.090121;1.072061;1.101245;1.066809;1.063190;1.072723;1.074553;1.068740;1.049423;0.999286;250.794863;-10.056547;1.071373;1.185684;0.999084;68.096996;30.037708;1.054593;1.153062;0.999548;-38.856358;43.082902;1.021221;0.917918;1.002378;9.949840;17.993624;1.090122;1.062295;1.000343;-8.969650;18.304893;1.107899;0.963733;
1.474222;1.071485;1.051692;1.018453;1.027238;1.030353;1.089116;1.071822;1.100816;1.066140;1.062411;1.071773;1.073615;1.067744;1.048599;0.999252;249.097900;-10.753294;1.070828;1.196580;0.999038;60.652923;30.570451;1.054300;1.158925;0.999621;-36.998886;41.891537;1.020948;0.923383;1.001869;15.171556;16.249337;1.089116;1.082408;1.000537;-7.565252;18.161368;1.107418;0.973342;
1.506990;1.070941;1.051317;1.018296;1.027624;1.030725;1.087831;1.071563;1.100354;1.065537;1.061659;1.070725;1.072410;1.066541;1.047732;0.999223;247.295734;-11.344871;1.070236;1.208421;0.999009;53.515608;31.123336;1.053970;1.165518;0.999688;-34.433639;40.547868;1.020711;0.928122;1.001180;18.907453;14.696237;1.087834;1.108046;1.000692;-5.635165;18.008527;1.106904;0.983617;
1.539758;1.070364;1.050924;1.018189;1.027859;1.030858;1.086330;1.071293;1.099859;1.065037;1.060982;1.069639;1.071002;1.065195;1.046873;0.999198;245.458020;-11.821363;1.069620;1.220745;0.998997;46.938504;31.682951;1.053623;1.172452;0.999749;-31.186002;39.066359;1.020516;0.932027;1.000375;20.944618;13.389140;1.086337;1.137994;1.000795;-3.245592;17.844341;1.106357;0.994563;
1.553696;1.070113;1.050756;1.018157;1.027913;1.030842;1.085650;1.071176;1.099639;1.064863;1.060726;1.069182;1.070363;1.064600;1.046523;0.999189;244.680356;-11.988780;1.069355;1.226036;0.998996;44.370683;31.919410;1.053475;1.175419;0.999773;-29.612955;38.399849;1.020445;0.933439;1.000019;21.273862;12.921876;1.085654;1.151648;1.000820;-2.121397;17.771523;1.106113;0.999440;
1.553696;1.070114;1.050757;1.018159;1.027916;1.030845;1.085656;1.071183;1.099650;1.064868;1.060731;1.069188;1.070369;1.064606;1.046528;0.999189;244.680180;-11.990603;1.069356;1.226027;0.998996;44.370151;31.918619;1.053476;1.175400;0.999773;-29.613397;38.398895;1.020446;0.933428;1.000019;21.276308;12.922876;1.085656;1.151607;1.000820;-2.121336;17.774226;1.106115;0.999400;
1.553697;1.070114;1.050757;1.018159;1.027916;1.030845;1.085656;1.071183;1.099650;1.064868;1.060731;1.069188;1.070369;1.064606;1.046528;0.999189;244.680124;-11.990614;1.069356;1.226027;0.998996;44.369969;31.918636;1.053476;1.175401;0.999773;-29.613279;38.398846;1.020446;0.933429;1.000019;21.276321;12.922843;1.085656;1.151608;1.000820;-2.121252;17.774221;1.106115;0.999401;
1.553698;1.070114;1.050757;1.018159;1.027916;1.030845;1.085656;1.071183;1.099650;1.064868;1.060731;1.069188;1.070369;1.064606;1.046528;0.999189;244.680068;-11.990626;1.069356;1.226028;0.998996;44.369788;31.918653;1.053476;1.175401;0.999773;-29.613162;38.398797;1.020446;0.933429;1.000019;21.276334;12.922811;1.085656;1.151609;1.000820;-2.121168;17.774216;1.106115;0.999401;
1.553699;1.070114;1.050757;1.018159;1.027916;1.030845;1.085656;1.071183;1.099650;1.064868;1.060731;1.069188;1.070368;1.064606;1.046528;0.999189;244.680012;-11.990637;1.069356;1.226028;0.998996;44.369608;31.918669;1.053476;1.175401;0.999773;-29.613046;38.398749;1.020446;0.933429;1.000019;21.276347;12.922779;1.085656;1.151610;1.000820;-2.121085;17.774211;1.106115;0.999401;
1.553699;1.070114;1.050757;1.018159;1.027916;1.030845;1.085656;1.071183;1.099650;1.064868;1.060731;1.069188;1.070368;1.064606;1.046528;0.999189;244.680012;-11.990637;1.069356;1.226028;0.998996;44.369608;31.918669;1.053476;1.175401;0.999773;-29.613046;38.398749;1.020446;0.933429;1.000019;21.276347;12.922779;1.085656;1.151610;1.000820;-2.121085;17.774211;1.106115;0.999401;
1.553699;1.070114;1.050757;1.018159;1.027916;1.030845;1.085656;1.071183;1.099650;1.064868;1.060731;1.069188;1.070368;1.064606;1.046528;0.999189;244.680012;-11.990637;1.069356;1.226028;0.998996;44.369608;31.918669;1.053476;1.175401;0.999773;-29.613046;38.398749;1.020446;0.933429;1.000019;21.276347;12.922779;1.085656;1.151610;1.000820;-2.121085;17.774211;1.106115;0.999401;
1.553700;1.070114;1.050757;1.018159;1.027916;1.030845;1.085656;1.071183;1.099650;1.064868;1.060731;1.069188;1.070368;1.064606;1.046528;0.999189;244.679955;-11.990649;1.069355;1.226028;0.998996;44.369424;31.918687;1.053476;1.175401;0.999773;-29.612927;38.398699;1.020446;0.933429;1.000019;21.276360;12.922746;1.085656;1.151611;1.000820;-2.120999;17.774205;1.106115;0.999402;
1.553704;1.070114;1.050757;1.018159;1.027916;1.030845;1.085656;1.071183;1.099649;1.064868;1.060731;1.069188;1.070368;1.064605;1.046528;0.999189;244.679730;-11.990694;1.069355;1.226030;0.998996;44.368697;31.918754;1.053476;1.175402;0.999773;-29.612456;38.398504;1.020446;0.933429;1.000019;21.276412;12.922617;1.085656;1.151615;1.000820;-2.120662;17.774184;1.106115;0.999403;
1.553712;1.070114;1.050757;1.018159;1.027916;1.030845;1.085655;1.071183;1.099649;1.064868;1.060731;1.069187;1.070368;1.064605;1.046528;0.999189;244.679279;-11.990785;1.069355;1.226033;0.998996;44.367243;31.918890;1.053476;1.175404;0.999773;-29.611516;38.398113;1.020446;0.933430;1.000019;21.276516;12.922357;1.085655;1.151623;1.000820;-2.119988;17.774143;1.106115;0.999406;
1.553728;1.070114;1.050757;1.018159;1.027916;1.030845;1.085654;1.071183;1.099649;1.064868;1.060731;1.069187;1.070367;1.064604;1.046527;0.999189;244.678378;-11.990967;1.069355;1.226039;0.998996;44.364335;31.919162;1.053476;1.175407;0.999773;-29.609634;38.397332;1.020446;0.933431;1.000018;21.276724;12.921839;1.085654;1.151639;1.000820;-2.118639;17.774059;1.106115;0.999412;
1.553760;1.070113;1.050756;1.018159;1.027916;1.030845;1.085653;1.071182;1.099649;1.064868;1.060730;1.069186;1.070366;1.064603;1.046527;0.999189;244.676576;-11.991332;1.069354;1.226051;0.998996;44.358521;31.919706;1.053475;1.175414;0.999773;-29.605871;38.395769;1.020446;0.933435;1.000017;21.277138;12.920802;1.085653;1.151672;1.000820;-2.115942;17.773892;1.106114;0.999423;
1.553824;1.070112;1.050755;1.018158;1.027916;1.030845;1.085650;1.071182;1.099648;1.064867;1.060729;1.069184;1.070363;1.064600;1.046525;0.999189;244.672972;-11.992060;1.069353;1.226076;0.998996;44.346894;31.920793;1.053475;1.175428;0.999774;-29.598343;38.392644;1.020445;0.933441;1.000016;21.277960;12.918729;1.085650;1.151736;1.000820;-2.110546;17.773558;1.106113;0.999445;
1.553952;1.070109;1.050754;1.018158;1.027917;1.030845;1.085643;1.071181;1.099646;1.064865;1.060727;1.069179;1.070356;1.064595;1.046522;0.999189;244.665765;-11.993514;1.069351;1.226125;0.998996;44.323649;31.922967;1.053473;1.175456;0.999774;-29.583279;38.386391;1.020445;0.933453;1.000012;21.279584;12.914588;1.085643;1.151866;1.000821;-2.099751;17.772889;1.106111;0.999491;
1.554208;1.070105;1.050751;1.018158;1.027917;1.030844;1.085630;1.071179;1.099641;1.064862;1.060722;1.069171;1.070344;1.064583;1.046515;0.999189;244.651351;-11.996418;1.069346;1.226223;0.998996;44.277201;31.927315;1.053470;1.175511;0.999774;-29.553123;38.373880;1.020443;0.933477;1.000005;21.282745;12.906319;1.085630;1.152125;1.000821;-2.078146;17.771552;1.106106;0.999581;
1.554720;1.070095;1.050745;1.018157;1.027919;1.030843;1.085604;1.071174;1.099633;1.064856;1.060713;1.069154;1.070320;1.064561;1.046502;0.999189;244.622533;-12.002204;1.069336;1.226420;0.998996;44.184464;31.936008;1.053465;1.175621;0.999775;-29.492698;38.348839;1.020441;0.933526;0.999992;21.288725;12.889840;1.085604;1.152643;1.000822;-2.034877;17.768877;1.106097;0.999762;
1.555744;1.070077;1.050732;1.018155;1.027922;1.030840;1.085552;1.071166;1.099617;1.064844;1.060695;1.069120;1.070271;1.064516;1.046477;0.999188;244.564930;-12.013685;1.069316;1.226813;0.998996;43.999634;31.953388;1.053454;1.175842;0.999777;-29.371393;38.298676;1.020436;0.933622;0.999964;21.299317;12.857113;1.085552;1.153681;1.000823;-1.948102;17.763519;1.106079;1.000125;
1.557792;1.070039;1.050707;1.018151;1.027927;1.030833;1.085448;1.071149;1.099584;1.064821;1.060659;1.069052;1.070173;1.064426;1.046426;0.999187;244.449857;-12.036289;1.069277;1.227599;0.998996;43.632560;31.988113;1.053432;1.176283;0.999780;-29.126979;38.198034;1.020427;0.933813;0.999909;21.315039;12.792591;1.085448;1.155764;1.000826;-1.773628;17.752783;1.106043;1.000853;
1.561888;1.069965;1.050657;1.018145;1.027936;1.030817;1.085239;1.071115;1.099519;1.064776;1.060588;1.068917;1.069976;1.064245;1.046324;0.999185;244.220265;-12.080069;1.069198;1.229170;0.998997;42.908887;32.057427;1.053388;1.177163;0.999787;-28.631011;37.995516;1.020408;0.934184;0.999800;21.324736;12.667284;1.085239;1.159956;1.000831;-1.421135;17.731231;1.105969;1.002318;
1.570080;1.069815;1.050558;1.018134;1.027945;1.030774;1.084814;1.071046;1.099385;1.064691;1.060452;1.068648;1.069577;1.063880;1.046124;0.999180;243.763417;-12.161939;1.069041;1.232310;0.998999;41.504345;32.195444;1.053300;1.178917;0.999800;-27.611221;37.585789;1.020373;0.934890;0.999582;21.258214;12.431725;1.084814;1.168439;1.000837;-0.703242;17.687872;1.105821;1.005285;
1.586464;1.069514;1.050361;1.018120;1.027933;1.030644;1.083950;1.070904;1.099111;1.064543;1.060199;1.068118;1.068764;1.063146;1.045735;0.999172;242.859561;-12.303239;1.068728;1.238569;0.999004;38.872115;32.468658;1.053126;1.182395;0.999825;-25.466344;36.749654;1.020309;0.936165;0.999155;20.793199;12.021133;1.083950;1.185733;1.000836;0.773383;17.600692;1.105517;1.011374;
1.619232;1.068912;1.049976;1.018117;1.027783;1.030217;1.082180;1.070596;1.098527;1.064313;1.059757;1.067088;1.067095;1.061666;1.044995;0.999159;241.088865;-12.499636;1.068109;1.250963;0.999023;34.336690;33.001998;1.052786;1.189196;0.999867;-20.812025;35.028733;1.020203;0.938284;0.998369;18.673139;11.437089;1.082180;1.221126;1.000781;3.796483;17.429495;1.104874;1.024221;
1.652000;1.068312;1.049603;1.018136;1.027466;1.029583;1.080376;1.070235;1.097888;1.064133;1.059364;1.066083;1.065386;1.060178;1.044283;0.999151;239.356389;-12.585443;1.067500;1.263145;0.999051;30.771633;33.519545;1.052458;1.195764;0.999901;-15.754608;33.270161;1.020117;0.940006;0.997712;15.198527;11.151259;1.080377;1.257182;1.000655;6.784705;17.269936;1.104185;1.038003;
1.684768;1.067718;1.049244;1.018163;1.026990;1.028768;1.078565;1.069803;1.097197;1.063952;1.058976;1.065084;1.063663;1.058692;1.043571;0.999148;237.642625;-12.568136;1.066904;1.275053;0.999086;28.145483;34.023586;1.052142;1.202076;0.999925;-10.416990;31.510989;1.020039;0.941566;0.997226;10.731717;11.129951;1.078572;1.293290;1.000461;9.560309;17.131631;1.103453;1.052651;
1.717536;1.067133;1.048900;1.018184;1.026371;1.027811;1.076789;1.069294;1.096466;1.063730;1.058560;1.064087;1.061965;1.057230;1.042841;0.999148;235.924186;-12.459975;1.066326;1.286622;0.999126;26.388997;34.513467;1.051841;1.208105;0.999940;-4.934036;29.786135;1.019958;0.943182;0.996939;5.686095;11.328951;1.076804;1.328647;1.000207;11.947264;17.020793;1.102689;1.067921;
1.740344;1.066736;1.048671;1.018190;1.025871;1.027089;1.075604;1.068897;1.095945;1.063535;1.058241;1.063399;1.060825;1.056246;1.042321;0.999151;234.711466;-12.341215;1.065936;1.294427;0.999155;25.620345;34.843883;1.051640;1.212110;0.999944;-1.114691;28.623741;1.019895;0.944448;0.996863;2.087100;11.563652;1.075626;1.352214;1.000000;13.284727;16.961119;1.102150;1.078700;
1.740344;1.066737;1.048674;1.018193;1.025879;1.027098;1.075640;1.068910;1.095955;1.063552;1.058262;1.063427;1.060859;1.056279;1.042345;0.999151;234.713810;-12.345793;1.065936;1.294409;0.999155;25.622352;34.836738;1.051642;1.212081;0.999944;-1.113933;28.620390;1.019896;0.944418;0.996863;2.085888;11.582800;1.075640;1.351923;1.000000;13.285695;16.959201;1.102156;1.078593;
1.740345;1.066737;1.048674;1.018193;1.025879;1.027098;1.075640;1.068910;1.095955;1.063552;1.058262;1.063426;1.060859;1.056279;1.042345;0.999151;234.713621;-12.345736;1.065936;1.294410;0.999155;25.622165;34.836813;1.051642;1.212081;0.999944;-1.113862;28.620407;1.019896;0.944418;0.996863;2.086205;11.582432;1.075640;1.351931;1.000000;13.285613;16.959253;1.102156;1.078595;
1.740346;1.066737;1.048674;1.018193;1.025879;1.027098;1.075640;1.068910;1.095955;1.063552;1.058262;1.063426;1.060859;1.056279;1.042345;0.999151;234.713568;-12.345730;1.065936;1.294410;0.999155;25.622140;34.836827;1.051642;1.212082;0.999944;-1.113694;28.620357;1.019896;0.944418;0.996863;2.086042;11.582446;1.075640;1.351932;1.000000;13.285667;16.959251;1.102156;1.078595;
1.740348;1.066737;1.048674;1.018193;1.025879;1.027098;1.075640;1.068910;1.095955;1.063552;1.058262;1.063426;1.060859;1.056279;1.042345;0.999151;234.713470;-12.345721;1.065936;1.294411;0.999155;25.622101;34.836852;1.051642;1.212082;0.999944;-1.113351;28.620251;1.019896;0.944419;0.996863;2.085687;11.582495;1.075640;1.351934;1.000000;13.285784;16.959243;1.102155;1.078596;
1.740352;1.066737;1.048674;1.018193;1.025879;1.027098;1.075640;1.068910;1.095955;1.063552;1.058261;1.063426;1.060858;1.056279;1.042344;0.999151;234.713248;-12.345694;1.065936;1.294412;0.999155;25.621992;34.836913;1.051642;1.212083;0.999944;-1.112682;28.620053;1.019896;0.944419;0.996863;2.085065;11.582524;1.075640;1.351938;1.000000;13.285992;16.959236;1.102155;1.078598;
1.740352;1.066737;1.048674;1.018193;1.025879;1.027098;1.075640;1.068910;1.095955;1.063552;1.058261;1.063426;1.060858;1.056279;1.042344;0.999151;234.713234;-12.345692;1.065936;1.294412;0.999155;25.621985;34.836917;1.051642;1.212083;0.999944;-1.112637;28.620040;1.019896;0.944419;0.996863;2.085023;11.582526;1.075640;1.351939;1.000000;13.286006;16.959236;1.102155;1.078598;
1.740352;1.066737;1.048674;1.018193;1.025879;1.027098;1.075640;1.068910;1.095955;1.063552;1.058261;1.063426;1.060858;1.056279;1.042344;0.999151;234.713234;-12.345692;1.065936;1.294412;0.999155;25.621985;34.836917;1.051642;1.212083;0.999944;-1.112637;28.620040;1.019896;0.944419;0.996863;2.085023;11.582526;1.075640;1.351939;1.000000;13.286006;16.959236;1.102155;1.078598;
1.740352;1.066737;1.048674;1.018193;1.025879;1.027098;1.075640;1.068910;1.095955;1.063552;1.058261;1.063426;1.060858;1.056279;1.042344;0.999151;234.713234;-12.345692;1.065936;1.294412;0.999155;25.621985;34.836917;1.051642;1.212083;0.999944;-1.112637;28.620040;1.019896;0.944419;0.996863;2.085023;11.582526;1.075640;1.351939;1.000000;13.286006;16.959236;1.102155;1.078598;
1.740360;1.066737;1.048673;1.018193;1.025878;1.027098;1.075639;1.068910;1.095955;1.063552;1.058261;1.063426;1.060858;1.056278;1.042344;0.999151;234.712822;-12.345646;1.065936;1.294415;0.999155;25.621795;34.837026;1.051642;1.212084;0.999944;-1.111333;28.619648;1.019896;0.944419;0.996863;2.083764;11.582628;1.075639;1.351946;1.000000;13.286424;16.959216;1.102155;1.078602;
1.740376;1.066737;1.048673;1.018193;1.025878;1.027097;1.075638;1.068910;1.095954;1.063552;1.058261;1.063426;1.060857;1.056278;1.042344;0.999151;234.711970;-12.345549;1.065936;1.294420;0.999155;25.621400;34.837253;1.051642;1.212087;0.999944;-1.108635;28.618839;1.019896;0.944420;0.996863;2.081160;11.582837;1.075638;1.351963;1.000000;13.287289;16.959176;1.102155;1.078610;
1.740408;1.066736;1.048673;1.018193;1.025877;1.027096;1.075637;1.068909;1.095954;1.063552;1.058261;1.063425;1.060856;1.056276;1.042343;0.999151;234.710267;-12.345356;1.065935;1.294431;0.999155;25.620612;34.837707;1.051641;1.212092;0.999944;-1.103239;28.617220;1.019896;0.944422;0.996863;2.075952;11.583255;1.075637;1.351995;0.999999;13.289019;16.959097;1.102154;1.078625;
1.740472;1.066735;1.048672;1.018193;1.025876;1.027094;1.075633;1.068908;1.095952;1.063551;1.058260;1.063423;1.060853;1.056274;1.042342;0.999151;234.706859;-12.344969;1.065934;1.294453;0.999155;25.619037;34.838615;1.051641;1.212103;0.999944;-1.092448;28.613983;1.019896;0.944425;0.996863;2.065537;11.584092;1.075633;1.352060;0.999999;13.292476;16.958937;1.102153;1.078655;
1.740600;1.066733;1.048671;1.018193;1.025873;1.027090;1.075627;1.068906;1.095949;1.063550;1.058258;1.063419;1.060846;1.056268;1.042339;0.999151;234.700043;-12.344196;1.065932;1.294496;0.999155;25.615894;34.840432;1.051640;1.212125;0.999944;-1.070866;28.607511;1.019896;0.944433;0.996863;2.044708;11.585766;1.075627;1.352189;0.999998;13.299382;16.958619;1.102149;1.078716;
1.740856;1.066728;1.048669;1.018193;1.025867;1.027082;1.075614;1.068901;1.095943;1.063548;1.058254;1.063411;1.060834;1.056257;1.042333;0.999151;234.686409;-12.342645;1.065928;1.294583;0.999156;25.609642;34.844063;1.051638;1.212169;0.999944;-1.027707;28.594569;1.019895;0.944447;0.996862;2.003059;11.589120;1.075614;1.352448;0.999995;13.313164;16.957985;1.102143;1.078838;
1.741368;1.066720;1.048664;1.018193;1.025855;1.027065;1.075588;1.068892;1.095931;1.063543;1.058247;1.063396;1.060809;1.056236;1.042322;0.999151;234.659133;-12.339533;1.065919;1.294755;0.999156;25.597265;34.851321;1.051633;1.212257;0.999944;-0.941407;28.568700;1.019894;0.944476;0.996862;1.919789;11.595848;1.075588;1.352965;0.999990;13.340606;16.956721;1.102131;1.079081;
1.742392;1.066702;1.048654;1.018193;1.025831;1.027031;1.075537;1.068873;1.095908;1.063534;1.058233;1.063366;1.060759;1.056193;1.042299;0.999152;234.604547;-12.333263;1.065902;1.295101;0.999158;25.573021;34.865823;1.051624;1.212432;0.999944;-0.768879;28.517027;1.019891;0.944534;0.996861;1.753376;11.609387;1.075537;1.353997;0.999980;13.394999;16.954216;1.102107;1.079568;
1.744440;1.066667;1.048634;1.018194;1.025783;1.026963;1.075434;1.068836;1.095861;1.063516;1.058204;1.063306;1.060660;1.056107;1.042252;0.999152;234.495236;-12.320547;1.065867;1.295790;0.999160;25.526554;34.894760;1.051607;1.212782;0.999944;-0.424135;28.413936;1.019885;0.944651;0.996860;1.421111;11.636784;1.075434;1.356055;0.999960;13.501807;16.949295;1.102058;1.080541;
1.748536;1.066596;1.048594;1.018194;1.025686;1.026828;1.075229;1.068761;1.095766;1.063478;1.058146;1.063185;1.060463;1.055937;1.042160;0.999153;234.276033;-12.294434;1.065799;1.297163;0.999166;25.441560;34.952359;1.051572;1.213477;0.999944;0.263958;28.208799;1.019873;0.944889;0.996860;0.759270;11.692801;1.075229;1.360140;0.999920;13.707397;16.939802;1.101961;1.082486;
1.756728;1.066457;1.048515;1.018193;1.025487;1.026555;1.074828;1.068609;1.095577;1.063399;1.058027;1.062946;1.060075;1.055601;1.041974;0.999155;233.835108;-12.239724;1.065663;1.299885;0.999177;25.302126;35.066338;1.051503;1.214850;0.999944;1.633353;27.802857;1.019848;0.945386;0.996871;-0.550137;11.809220;1.074828;1.368178;0.999838;14.085590;16.922166;1.101767;1.086360;
1.773112;1.066182;1.048362;1.018187;1.025079;1.026006;1.074056;1.068295;1.095202;1.063224;1.057778;1.062474;1.059327;1.054953;1.041602;0.999159;232.941879;-12.122241;1.065396;1.305227;0.999199;25.135715;35.288462;1.051370;1.217519;0.999942;4.335545;27.009490;1.019794;0.946462;0.996932;-3.085094;12.055481;1.074056;1.383612;0.999670;14.704005;16.891904;1.101384;1.094017;
1.805880;1.065654;1.048077;1.018150;1.024240;1.024937;1.072679;1.067649;1.094479;1.062817;1.057253;1.061585;1.057988;1.053777;1.040874;0.999171;231.103922;-11.869986;1.064885;1.315440;0.999242;25.175156;35.702050;1.051121;1.222509;0.999930;9.523022;25.504679;1.019668;0.948984;0.997194;-7.633354;12.569392;1.072679;1.411152;0.999327;15.357655;16.848171;1.100651;1.108694;
1.838648;1.065161;1.047822;1.018080;1.023407;1.023947;1.071568;1.067001;1.093810;1.062350;1.056710;1.060801;1.056899;1.052805;1.040197;0.999188;229.196919;-11.614732;1.064409;1.324954;0.999284;25.614053;36.064505;1.050897;1.226973;0.999911;14.337379;24.115304;1.019516;0.952018;0.997616;-11.289646;13.069238;1.071571;1.433309;0.998989;15.216997;16.821626;1.099976;1.122186;
1.871416;1.064710;1.047603;1.017978;1.022623;1.023091;1.070778;1.066381;1.093214;1.061846;1.056178;1.060165;1.056118;1.052085;1.039606;0.999210;227.229683;-11.382554;1.063973;1.333679;0.999325;26.325400;36.363325;1.050704;1.230837;0.999883;18.674230;22.848631;1.019339;0.955568;0.998156;-13.839046;13.508326;1.070785;1.449030;0.998673;14.288226;16.807298;1.099378;1.134143;
1.904184;1.064304;1.047421;1.017842;1.021925;1.022409;1.070342;1.065806;1.092701;1.061321;1.055677;1.059701;1.055675;1.051647;1.039126;0.999236;225.224288;-11.195181;1.063579;1.341551;0.999363;27.192711;36.591079;1.050543;1.234060;0.999849;22.445312;21.711409;1.019136;0.959624;0.998764;-15.149142;13.850269;1.070348;1.457766;0.998395;12.619298;16.804048;1.098867;1.144364;
1.936952;1.063947;1.047277;1.017673;1.021332;1.021921;1.070247;1.065280;1.092269;1.060779;1.055208;1.059406;1.055560;1.051482;1.038755;0.999267;223.216127;-11.065889;1.063229;1.348555;0.999399;28.117749;36.749953;1.050413;1.236658;0.999809;25.584217;20.711938;1.018908;0.964181;0.999390;-15.184831;14.066699;1.070250;1.459724;0.998172;10.300253;16.816118;1.098444;1.152827;
1.969720;1.063636;1.047166;1.017471;1.020848;1.021621;1.070444;1.064794;1.091911;1.060215;1.054758;1.059250;1.055727;1.051548;1.038471;0.999302;221.253539;-10.999506;1.062921;1.354721;0.999433;29.025225;36.850773;1.050311;1.238701;0.999765;28.048861;19.859804;1.018656;0.969235;0.999983;-14.009391;14.142974;1.070444;1.455849;0.998015;7.459165;16.851252;1.098103;1.159652;
1.971864;1.063617;1.047160;1.017457;1.020820;1.021607;1.070465;1.064763;1.091889;1.060177;1.054728;1.059243;1.055745;1.051558;1.038454;0.999304;221.128812;-10.997237;1.062902;1.355098;0.999435;29.082212;36.855970;1.050305;1.238819;0.999762;28.185999;19.809604;1.018638;0.969583;1.000019;-13.895662;14.142904;1.070464;1.455447;0.998007;7.260641;16.854537;1.098083;1.160049;
1.971864;1.063617;1.047160;1.017457;1.020820;1.021607;1.070465;1.064763;1.091889;1.060177;1.054728;1.059243;1.055745;1.051558;1.038454;0.999304;221.128812;-10.997237;1.062902;1.355098;0.999435;29.082212;36.855970;1.050305;1.238819;0.999762;28.185999;19.809604;1.018638;0.969583;1.000019;-13.895662;14.142904;1.070464;1.455447;0.998007;7.260641;16.854537;1.098083;1.160049;
1.971864;1.063617;1.047160;1.017457;1.020820;1.021607;1.070465;1.064763;1.091889;1.060177;1.054728;1.059243;1.055745;1.051558;1.038454;0.999304;221.128812;-10.997237;1.062902;1.355098;0.999435;29.082212;36.855970;1.050305;1.238819;0.999762;28.185999;19.809604;1.018638;0.969583;1.000019;-13.895662;14.142904;1.070464;1.455447;0.998007;7.260641;16.854537;1.098083;1.160049;
1.971869;1.063617;1.047160;1.017457;1.020820;1.021607;1.070465;1.064763;1.091889;1.060176;1.054728;1.059243;1.055745;1.051558;1.038454;0.999304;221.128534;-10.997232;1.062902;1.355099;0.999435;29.082339;36.855981;1.050305;1.238819;0.999762;28.186302;19.809493;1.018638;0.969584;1.000019;-13.895403;14.142903;1.070464;1.455446;0.998007;7.260197;16.854545;1.098083;1.160049;
1.971869;1.063617;1.047160;1.017457;1.020822;1.021609;1.070465;1.064771;1.091906;1.060182;1.054733;1.059245;1.055746;1.051559;1.038458;0.999304;221.128752;-10.997495;1.062902;1.355094;0.999435;29.082398;36.854224;1.050305;1.238812;0.999762;28.186394;19.808630;1.018638;0.969578;1.000019;-13.894977;14.140392;1.070465;1.455434;0.998007;7.260125;16.860436;1.098086;1.159986;
1.971870;1.063617;1.047160;1.017457;1.020822;1.021609;1.070465;1.064771;1.091906;1.060182;1.054733;1.059245;1.055746;1.051559;1.038458;0.999304;221.128693;-10.997495;1.062902;1.355095;0.999435;29.082425;36.854227;1.050305;1.238812;0.999762;28.186457;19.808607;1.018638;0.969578;1.000019;-13.894921;14.140391;1.070465;1.455434;0.998007;7.260030;16.860438;1.098086;1.159986;
1.971871;1.063617;1.047160;1.017457;1.020822;1.021609;1.070465;1.064771;1.091906;1.060182;1.054733;1.059245;1.055746;1.051559;1.038458;0.999304;221.128634;-10.997494;1.062902;1.355095;0.999435;29.082452;36.854229;1.050305;1.238812;0.999762;28.186521;19.808583;1.018638;0.969578;1.000019;-13.894864;14.140391;1.070465;1.455434;0.998007;7.259935;16.860440;1.098086;1.159986;
1.971873;1.063617;1.047160;1.017457;1.020822;1.021609;1.070465;1.064771;1.091906;1.060182;1.054733;1.059245;1.055746;1.051559;1.038458;0.999304;221.128516;-10.997492;1.062902;1.355095;0.999435;29.082507;36.854233;1.050305;1.238812;0.999762;28.186648;19.808536;1.018638;0.969578;1.000019;-13.894751;14.140391;1.070465;1.455433;0.998007;7.259744;16.860443;1.098086;1.159986;
1.971877;1.063617;1.047160;1.017457;1.020822;1.021609;1.070465;1.064771;1.091906;1.060182;1.054733;1.059245;1.055746;1.051559;1.038458;0.999304;221.128280;-10.997488;1.062902;1.355096;0.999435;29.082616;36.854241;1.050305;1.238812;0.999761;28.186902;19.808443;1.018638;0.969579;1.000019;-13.894525;14.140390;1.070465;1.455432;0.998007;7.259362;16.860450;1.098086;1.159987;
1.971885;1.063617;1.047160;1.017457;1.020822;1.021609;1.070465;1.064771;1.091906;1.060182;1.054733;1.059245;1.055746;1.051559;1.038458;0.999304;221.127808;-10.997480;1.062902;1.355097;0.999435;29.082834;36.854259;1.050305;1.238812;0.999761;28.187410;19.808255;1.018638;0.969580;1.000019;-13.894073;14.140389;1.070465;1.455431;0.998007;7.258599;16.860463;1.098086;1.159989;
1.971901;1.063617;1.047160;1.017457;1.020822;1.021609;1.070465;1.064770;1.091906;1.060181;1.054732;1.059245;1.055746;1.051559;1.038457;0.999304;221.126864;-10.997465;1.062902;1.355100;0.999435;29.083270;36.854293;1.050305;1.238813;0.999761;28.188426;19.807880;1.018638;0.969583;1.000020;-13.893169;14.140386;1.070465;1.455427;0.998007;7.257072;16.860490;1.098086;1.159992;
1.971933;1.063617;1.047160;1.017457;1.020822;1.021608;1.070465;1.064770;1.091906;1.060181;1.054732;1.059245;1.055747;1.051559;1.038457;0.999304;221.124976;-10.997434;1.062902;1.355105;0.999435;29.084142;36.854361;1.050305;1.238815;0.999761;28.190458;19.807129;1.018638;0.969588;1.000020;-13.891359;14.140380;1.070465;1.455420;0.998007;7.254019;16.860543;1.098085;1.159997;
1.971997;1.063616;1.047160;1.017456;1.020821;1.021608;1.070466;1.064769;1.091905;1.060180;1.054731;1.059245;1.055747;1.051560;1.038457;0.999304;221.121200;-10.997372;1.062901;1.355117;0.999435;29.085886;36.854497;1.050305;1.238818;0.999761;28.194520;19.805629;1.018637;0.969599;1.000021;-13.887737;14.140367;1.070466;1.455407;0.998007;7.247911;16.860650;1.098085;1.160009;
1.972125;1.063615;1.047159;1.017455;1.020819;1.021607;1.070467;1.064767;1.091904;1.060177;1.054729;1.059244;1.055748;1.051561;1.038456;0.999305;221.113649;-10.997249;1.062900;1.355139;0.999435;29.089373;36.854768;1.050305;1.238825;0.999761;28.202635;19.802630;1.018636;0.969619;1.000024;-13.880479;14.140341;1.070467;1.455379;0.998006;7.235691;16.860864;1.098084;1.160032;
1.972381;1.063613;1.047159;1.017454;1.020816;1.021606;1.070470;1.064764;1.091901;1.060173;1.054726;1.059243;1.055751;1.051562;1.038454;0.999305;221.098552;-10.997007;1.062898;1.355183;0.999435;29.096344;36.855309;1.050304;1.238839;0.999761;28.218832;19.796639;1.018634;0.969661;1.000028;-13.865913;14.140281;1.070470;1.455324;0.998005;7.211233;16.861293;1.098081;1.160078;
1.972893;1.063608;1.047157;1.017450;1.020809;1.021603;1.070476;1.064756;1.091896;1.060164;1.054719;1.059242;1.055756;1.051565;1.038450;0.999305;221.068377;-10.996534;1.062893;1.355272;0.999436;29.110268;36.856384;1.050303;1.238866;0.999760;28.251097;19.784687;1.018630;0.969745;1.000037;-13.836578;14.140135;1.070476;1.455213;0.998003;7.162250;16.862158;1.098077;1.160171;
1.973917;1.063600;1.047154;1.017443;1.020796;1.021597;1.070487;1.064742;1.091887;1.060145;1.054705;1.059240;1.055766;1.051571;1.038443;0.999307;221.008104;-10.995635;1.062884;1.355449;0.999437;29.138050;36.858503;1.050300;1.238919;0.999759;28.315106;19.760900;1.018622;0.969912;1.000055;-13.777100;14.139735;1.070487;1.454988;0.998000;7.064017;16.863912;1.098068;1.160354;
1.975965;1.063582;1.047149;1.017429;1.020770;1.021586;1.070510;1.064713;1.091867;1.060109;1.054677;1.059235;1.055787;1.051584;1.038428;0.999309;220.887869;-10.994025;1.062867;1.355801;0.999439;29.193340;36.862621;1.050295;1.239025;0.999756;28.441042;19.713794;1.018605;0.970248;1.000090;-13.654940;14.138505;1.070510;1.454525;0.997993;6.866505;16.867519;1.098049;1.160717;
1.980061;1.063548;1.047138;1.017401;1.020720;1.021565;1.070559;1.064655;1.091829;1.060035;1.054621;1.059226;1.055831;1.051611;1.038398;0.999314;220.648715;-10.991547;1.062832;1.356495;0.999443;29.302788;36.870403;1.050284;1.239233;0.999750;28.684578;19.621467;1.018571;0.970926;1.000159;-13.398012;14.134335;1.070559;1.453549;0.997980;6.467480;16.875130;1.098014;1.161426;
1.988253;1.063480;1.047116;1.017342;1.020624;1.021532;1.070666;1.064540;1.091756;1.059886;1.054509;1.059211;1.055928;1.051672;1.038342;0.999324;220.176211;-10.989493;1.062765;1.357848;0.999450;29.516883;36.884333;1.050265;1.239628;0.999738;29.138319;19.444435;1.018502;0.972306;1.000294;-12.835549;14.119198;1.070666;1.451414;0.997957;5.654956;16.892006;1.097946;1.162778;
2.004637;1.063353;1.047078;1.017219;1.020451;1.021494;1.070909;1.064314;1.091618;1.059581;1.054282;1.059193;1.056150;1.051815;1.038234;0.999344;219.258904;-10.996390;1.062636;1.360422;0.999466;29.924317;36.907196;1.050228;1.240354;0.999714;29.913067;19.121476;1.018359;0.975160;1.000544;-11.532537;14.062478;1.070909;1.446552;0.997928;3.984590;16.932743;1.097824;1.165233;
2.037405;1.063126;1.047010;1.016945;1.020164;1.021505;1.071460;1.063866;1.091375;1.058939;1.053805;1.059168;1.056656;1.052146;1.038015;0.999388;217.572867;-11.048423;1.062402;1.365103;0.999494;30.652684;36.945470;1.050164;1.241633;0.999664;30.944283;18.603697;1.018055;0.981248;1.000948;-8.365887;13.853528;1.071460;1.435537;0.997930;0.565955;17.043862;1.097621;1.169277;
2.070173;1.062927;1.046948;1.016635;1.019938;1.021596;1.072021;1.063415;1.091162;1.058253;1.053286;1.059117;1.057172;1.052471;1.037765;0.999435;216.134488;-11.142287;1.062194;1.369256;0.999521;31.270850;36.990870;1.050106;1.242799;0.999614;31.310208;18.260358;1.017726;0.987837;1.001210;-4.668360;13.534294;1.072023;1.424271;0.998012;-2.822312;17.194231;1.097469;1.172330;
2.102941;1.062751;1.046882;1.016292;1.019750;1.021722;1.072510;1.062962;1.090979;1.057538;1.052724;1.059003;1.057618;1.052726;1.037463;0.999484;215.012284;-11.267731;1.062007;1.373000;0.999546;31.797066;37.062752;1.050046;1.243993;0.999565;31.056722;18.091987;1.017372;0.994903;1.001318;-0.755123;13.133634;1.072514;1.414441;0.998167;-5.998654;17.379621;1.097360;1.174498;
2.135709;1.062592;1.046806;1.015916;1.019583;1.021843;1.072865;1.062524;1.090833;1.056827;1.052141;1.058811;1.057938;1.052869;1.037110;0.999535;214.272175;-11.417795;1.061835;1.376439;0.999570;32.261812;37.174733;1.049980;1.245320;0.999517;30.242512;18.092916;1.016997;1.002401;1.001271;3.046915;12.688014;1.072873;1.407267;0.998389;-8.790495;17.589689;1.097296;1.175777;
2.168477;1.062444;1.046715;1.015513;1.019424;1.021926;1.073052;1.062123;1.090732;1.056161;1.051571;1.058550;1.058100;1.052880;1.036726;0.999587;213.970188;-11.588091;1.061674;1.379657;0.999592;32.702333;37.335259;1.049903;1.246853;0.999471;28.934909;18.252673;1.016604;1.010263;1.001078;6.428730;12.235172;1.073062;1.403480;0.998662;-11.048482;17.807541;1.097278;1.176143;
2.201245;1.062306;1.046608;1.015088;1.019267;1.021949;1.073062;1.061787;1.090684;1.055589;1.051058;1.058241;1.058096;1.052765;1.036340;0.999638;214.146869;-11.777142;1.061521;1.382718;0.999614;33.156859;37.546943;1.049815;1.248628;0.999429;27.205443;18.556294;1.016197;1.018405;1.000763;9.125751;11.812937;1.073073;1.403275;0.998974;-12.656908;18.014013;1.097307;1.175568;
2.234013;1.062174;1.046484;1.014645;1.019108;1.021899;1.072904;1.061541;1.090695;1.055154;1.050642;1.057917;1.057939;1.052541;1.035989;0.999687;214.822563;-11.984778;1.061374;1.385666;0.999633;33.658927;37.808428;1.049714;1.250648;0.999391;25.125715;18.986473;1.015781;1.026732;1.000358;10.938363;11.455893;1.072914;1.406452;0.999305;-13.540332;18.190849;1.097381;1.174086;
2.258641;1.062078;1.046380;1.014306;1.018987;1.021811;1.072691;1.061425;1.090740;1.054936;1.050415;1.057684;1.057734;1.052319;1.035768;0.999722;215.656890;-12.152919;1.061265;1.387829;0.999647;34.083634;38.035448;1.049630;1.252319;0.999365;23.376953;19.381323;1.015465;1.033050;1.000019;11.639674;11.250096;1.072698;1.410767;0.999556;-13.706626;18.295110;1.097462;1.172469;
2.258641;1.062078;1.046381;1.014306;1.018990;1.021814;1.072701;1.061429;1.090742;1.054941;1.050420;1.057692;1.057744;1.052329;1.035775;0.999722;215.656897;-12.154350;1.061266;1.387823;0.999647;34.083329;38.033500;1.049631;1.252309;0.999365;23.376410;19.380380;1.015465;1.033043;1.000019;11.641405;11.255121;1.072701;1.410703;0.999556;-13.706149;18.294386;1.097463;1.172447;
2.258642;1.062078;1.046381;1.014306;1.018990;1.021814;1.072701;1.061429;1.090743;1.054941;1.050420;1.057692;1.057744;1.052329;1.035775;0.999722;215.656989;-12.154362;1.061266;1.387823;0.999647;34.083419;38.033507;1.049631;1.252309;0.999365;23.376394;19.380386;1.015465;1.033043;1.000019;11.641480;11.255143;1.072701;1.410702;0.999556;-13.706373;18.294450;1.097463;1.172445;
2.258643;1.062078;1.046381;1.014306;1.018990;1.021814;1.072701;1.061429;1.090743;1.054941;1.050420;1.057692;1.057744;1.052329;1.035775;0.999722;215.657029;-12.154369;1.061266;1.387823;0.999647;34.083437;38.033517;1.049631;1.252309;0.999365;23.376319;19.380403;1.015465;1.033043;1.000019;11.641498;11.255135;1.072701;1.410702;0.999556;-13.706371;18.294453;1.097463;1.172444;
2.258645;1.062078;1.046381;1.014306;1.018990;1.021814;1.072701;1.061429;1.090743;1.054941;1.050420;1.057692;1.057744;1.052329;1.035775;0.999722;215.657105;-12.154383;1.061266;1.387823;0.999647;34.083469;38.033536;1.049631;1.252309;0.999365;23.376166;19.380439;1.015465;1.033044;1.000019;11.641530;11.255118;1.072701;1.410702;0.999556;-13.706354;18.294457;1.097463;1.172444;
2.258646;1.062078;1.046381;1.014306;1.018990;1.021814;1.072701;1.061429;1.090743;1.054941;1.050420;1.057692;1.057744;1.052329;1.035775;0.999722;215.657163;-12.154393;1.061266;1.387823;0.999647;34.083494;38.033551;1.049630;1.252309;0.999365;23.376057;19.380464;1.015465;1.033044;1.000019;11.641555;11.255107;1.072701;1.410703;0.999556;-13.706350;18.294462;1.097463;1.172444;
2.258646;1.062078;1.046381;1.014306;1.018990;1.021814;1.072701;1.061429;1.090743;1.054941;1.050420;1.057692;1.057744;1.052329;1.035775;0.999722;215.657163;-12.154393;1.061266;1.387823;0.999647;34.083494;38.033551;1.049630;1.252309;0.999365;23.376057;19.380464;1.015465;1.033044;1.000019;11.641555;11.255107;1.072701;1.410703;0.999556;-13.706350;18.294462;1.097463;1.172444;
2.258646;1.062078;1.046381;1.014306;1.018990;1.021814;1.072701;1.061429;1.090743;1.054941;1.050420;1.057692;1.057744;1.052329;1.035775;0.999722;215.657163;-12.154393;1.061266;1.387823;0.999647;34.083494;38.033551;1.049630;1.252309;0.999365;23.376057;19.380464;1.015465;1.033044;1.000019;11.641555;11.255107;1.072701;1.410703;0.999556;-13.706350;18.294462;1.097463;1.172444;
2.258649;1.062078;1.046381;1.014306;1.018990;1.021813;1.072701;1.061429;1.090743;1.054941;1.050420;1.057692;1.057744;1.052329;1.035774;0.999722;215.657267;-12.154411;1.061266;1.387823;0.999647;34.083545;38.033575;1.049630;1.252310;0.999365;23.375871;19.380508;1.015465;1.033045;1.000019;11.641604;11.255090;1.072701;1.410703;0.999556;-13.706360;18.294476;1.097463;1.172444;
2.258657;1.062078;1.046381;1.014306;1.018990;1.021813;1.072701;1.061429;1.090743;1.054941;1.050420;1.057692;1.057744;1.052329;1.035774;0.999722;215.657584;-12.154467;1.061266;1.387824;0.999647;34.083688;38.033654;1.049630;1.252310;0.999365;23.375274;19.380647;1.015465;1.033047;1.000019;11.641745;11.255030;1.072701;1.410705;0.999556;-13.706346;18.294505;1.097463;1.172443;
2.258673;1.062078;1.046381;1.014306;1.018990;1.021813;1.072701;1.061429;1.090743;1.054941;1.050420;1.057692;1.057744;1.052329;1.035774;0.999722;215.658218;-12.154580;1.061266;1.387825;0.999647;34.083975;38.033810;1.049630;1.252311;0.999365;23.374079;19.380926;1.015465;1.033051;1.000019;11.642026;11.254910;1.072701;1.410708;0.999557;-13.706318;18.294565;1.097463;1.172442;
2.258705;1.062078;1.046381;1.014305;1.018990;1.021813;1.072701;1.061428;1.090743;1.054941;1.050420;1.057692;1.057744;1.052328;1.035774;0.999722;215.659486;-12.154805;1.061266;1.387828;0.999647;34.084549;38.034123;1.049630;1.252314;0.999365;23.371689;19.381483;1.015464;1.033059;1.000018;11.642589;11.254670;1.072701;1.410715;0.999557;-13.706260;18.294684;1.097463;1.172440;
2.258769;1.062078;1.046381;1.014304;1.018989;1.021813;1.072700;1.061428;1.090743;1.054940;1.050419;1.057691;1.057743;1.052328;1.035773;0.999722;215.662025;-12.155256;1.061265;1.387834;0.999647;34.085696;38.034748;1.049630;1.252318;0.999365;23.366909;19.382598;1.015464;1.033076;1.000017;11.643711;11.254189;1.072700;1.410728;0.999558;-13.706143;18.294922;1.097464;1.172435;
2.258897;1.062077;1.046380;1.014303;1.018989;1.021812;1.072699;1.061428;1.090743;1.054939;1.050418;1.057690;1.057742;1.052326;1.035772;0.999722;215.667108;-12.156157;1.061265;1.387845;0.999647;34.087993;38.036000;1.049630;1.252327;0.999365;23.357345;19.384829;1.015462;1.033109;1.000015;11.645942;11.253230;1.072699;1.410755;0.999559;-13.705899;18.295398;1.097464;1.172425;
2.259153;1.062076;1.046379;1.014299;1.018987;1.021811;1.072696;1.061427;1.090744;1.054937;1.050416;1.057688;1.057739;1.052324;1.035770;0.999723;215.677297;-12.157961;1.061264;1.387867;0.999647;34.092590;38.038505;1.049629;1.252345;0.999364;23.338208;19.389295;1.015459;1.033175;1.000012;11.650354;11.251317;1.072696;1.410809;0.999561;-13.705376;18.296347;1.097465;1.172406;
2.259665;1.062074;1.046377;1.014292;1.018985;1.021809;1.072691;1.061425;1.090745;1.054934;1.050412;1.057683;1.057734;1.052319;1.035766;0.999723;215.697764;-12.161570;1.061261;1.387911;0.999648;34.101801;38.043525;1.049627;1.252381;0.999364;23.299891;19.398245;1.015452;1.033307;1.000004;11.658977;11.247512;1.072691;1.410916;0.999567;-13.704187;18.298235;1.097467;1.172367;
2.260689;1.062070;1.046372;1.014278;1.018980;1.021804;1.072680;1.061422;1.090748;1.054927;1.050405;1.057673;1.057724;1.052308;1.035758;0.999725;215.739062;-12.168801;1.061257;1.388000;0.999648;34.120289;38.053598;1.049623;1.252454;0.999363;23.223092;19.416216;1.015439;1.033571;0.999989;11.675414;11.239987;1.072680;1.411134;0.999577;-13.701235;18.301974;1.097471;1.172289;
2.262737;1.062063;1.046363;1.014249;1.018970;1.021795;1.072658;1.061415;1.090753;1.054914;1.050389;1.057654;1.057703;1.052287;1.035741;0.999728;215.823098;-12.183308;1.061248;1.388177;0.999649;34.157533;38.073877;1.049616;1.252600;0.999361;23.068833;19.452440;1.015412;1.034100;0.999959;11.705061;11.225279;1.072658;1.411577;0.999598;-13.693042;18.309297;1.097479;1.172132;
2.266833;1.062047;1.046345;1.014192;1.018949;1.021774;1.072612;1.061403;1.090764;1.054889;1.050360;1.057616;1.057659;1.052244;1.035708;0.999733;215.996894;-12.212505;1.061230;1.388531;0.999651;34.233094;38.114967;1.049601;1.252894;0.999357;22.757737;19.525994;1.015359;1.035159;0.999899;11.751463;11.197254;1.072612;1.412495;0.999641;-13.667542;18.323321;1.097495;1.171810;
2.275025;1.062016;1.046308;1.014077;1.018909;1.021730;1.072514;1.061383;1.090788;1.054848;1.050310;1.057542;1.057567;1.052156;1.035648;0.999744;216.367003;-12.271619;1.061195;1.389236;0.999656;34.388520;38.199214;1.049571;1.253493;0.999349;22.125692;19.677393;1.015254;1.037275;0.999778;11.792975;11.146917;1.072514;1.414446;0.999724;-13.580444;18.348847;1.097528;1.171144;
2.291409;1.061954;1.046230;1.013846;1.018826;1.021626;1.072298;1.061365;1.090844;1.054801;1.050236;1.057403;1.057364;1.051969;1.035542;0.999766;217.193707;-12.392621;1.061125;1.390639;0.999664;34.716339;38.375532;1.049509;1.254730;0.999334;20.825670;19.996306;1.015042;1.041501;0.999540;11.675056;11.069987;1.072298;1.418762;0.999886;-13.265790;18.389634;1.097598;1.169742;
2.303429;1.061909;1.046172;1.013677;1.018765;1.021539;1.072126;1.061366;1.090889;1.054792;1.050205;1.057309;1.057203;1.051827;1.035479;0.999780;217.865816;-12.483557;1.061074;1.391661;0.999670;34.969868;38.510744;1.049463;1.255665;0.999325;19.846699;20.242228;1.014888;1.044588;0.999372;11.431427;11.034097;1.072127;1.422198;1.000000;-12.925557;18.410666;1.097650;1.168697;
2.303429;1.061909;1.046172;1.013677;1.018765;1.021539;1.072126;1.061366;1.090889;1.054792;1.050205;1.057309;1.057203;1.051827;1.035479;0.999780;217.865816;-12.483557;1.061074;1.391661;0.999670;34.969868;38.510744;1.049463;1.255665;0.999325;19.846699;20.242228;1.014888;1.044588;0.999372;11.431427;11.034097;1.072127;1.422198;1.000000;-12.925557;18.410666;1.097650;1.168697;
2.303429;1.061909;1.046172;1.013677;1.018765;1.021539;1.072126;1.061366;1.090889;1.054792;1.050205;1.057309;1.057203;1.051827;1.035479;0.999780;217.865816;-12.483557;1.061074;1.391661;0.999670;34.969868;38.510744;1.049463;1.255665;0.999325;19.846699;20.242228;1.014888;1.044588;0.999372;11.431427;11.034097;1.072127;1.422198;1.000000;-12.925557;18.410666;1.097650;1.168697;
2.303437;1.061909;1.046172;1.013677;1.018765;1.021539;1.072126;1.061366;1.090889;1.054792;1.050205;1.057308;1.057203;1.051827;1.035479;0.999780;217.866318;-12.483622;1.061074;1.391662;0.999670;34.970054;38.510843;1.049463;1.255666;0.999325;19.845989;20.242408;1.014888;1.044591;0.999372;11.431204;11.034078;1.072126;1.422201;1.000000;-12.925279;18.410679;1.097650;1.168696;
2.303437;1.061909;1.046172;1.013677;1.018765;1.021539;1.072126;1.061366;1.090889;1.054792;1.050205;1.057308;1.057203;1.051827;1.035479;0.999780;217.866318;-12.483622;1.061074;1.391662;0.999670;34.970054;38.510843;1.049463;1.255666;0.999325;19.845989;20.242408;1.014888;1.044591;0.999372;11.431204;11.034078;1.072126;1.422201;1.000000;-12.925279;18.410679;1.097650;1.168696;
2.303438;1.061909;1.046172;1.013677;1.018765;1.021539;1.072127;1.061366;1.090890;1.054793;1.050205;1.057309;1.057203;1.051828;1.035479;0.999780;217.866436;-12.483653;1.061074;1.391661;0.999670;34.970098;38.510709;1.049463;1.255665;0.999325;19.845920;20.242389;1.014888;1.044590;0.999372;11.431145;11.034138;1.072127;1.422196;1.000000;-12.925238;18.410878;1.097651;1.168691;
2.303439;1.061909;1.046172;1.013677;1.018765;1.021539;1.072127;1.061366;1.090890;1.054793;1.050205;1.057309;1.057203;1.051828;1.035479;0.999780;217.866495;-12.483661;1.061074;1.391662;0.999670;34.970119;38.510720;1.049463;1.255665;0.999325;19.845837;20.242411;1.014888;1.044590;0.999372;11.431118;11.034136;1.072127;1.422196;1.000000;-12.925205;18.410880;1.097651;1.168691;
2.303441;1.061909;1.046172;1.013677;1.018765;1.021539;1.072127;1.061366;1.090890;1.054793;1.050205;1.057309;1.057203;1.051827;1.035479;0.999780;217.866609;-12.483675;1.061074;1.391662;0.999670;34.970161;38.510752;1.049463;1.255665;0.999325;19.845671;20.242455;1.014888;1.044591;0.999372;11.431067;11.034127;1.072127;1.422197;1.000000;-12.925140;18.410871;1.097651;1.168691;
2.303445;1.061909;1.046172;1.013677;1.018765;1.021539;1.072127;1.061366;1.090890;1.054793;1.050205;1.057309;1.057203;1.051827;1.035479;0.999780;217.866848;-12.483707;1.061074;1.391662;0.999670;34.970249;38.510789;1.049463;1.255665;0.999325;19.845341;20.242537;1.014888;1.044592;0.999372;11.430958;11.034122;1.072127;1.422198;1.000000;-12.925008;18.410889;1.097651;1.168691;
2.303453;1.061909;1.046172;1.013677;1.018765;1.021539;1.072126;1.061366;1.090890;1.054793;1.050205;1.057309;1.057203;1.051827;1.035479;0.999780;217.867318;-12.483768;1.061074;1.391663;0.999670;34.970422;38.510882;1.049463;1.255666;0.999325;19.844679;20.242705;1.014888;1.044594;0.999372;11.430743;11.034104;1.072126;1.422200;1.000000;-12.924744;18.410901;1.097651;1.168690;
2.303469;1.061909;1.046172;1.013676;1.018765;1.021538;1.072126;1.061366;1.090890;1.054793;1.050205;1.057309;1.057203;1.051827;1.035479;0.999780;217.868259;-12.483890;1.061074;1.391664;0.999670;34.970769;38.511066;1.049463;1.255667;0.999325;19.843355;20.243041;1.014887;1.044598;0.999371;11.430314;11.034067;1.072126;1.422205;1.000000;-12.924218;18.410924;1.097651;1.168689;
2.303501;1.061909;1.046171;1.013676;1.018765;1.021538;1.072126;1.061366;1.090890;1.054793;1.050205;1.057308;1.057202;1.051827;1.035479;0.999780;217.870142;-12.484135;1.061074;1.391667;0.999670;34.971462;38.511435;1.049462;1.255670;0.999324;19.840708;20.243714;1.014887;1.044606;0.999371;11.429456;11.033994;1.072126;1.422215;1.000001;-12.923165;18.410971;1.097651;1.168686;
2.303565;1.061909;1.046171;1.013675;1.018765;1.021538;1.072125;1.061366;1.090890;1.054793;1.050205;1.057308;1.057202;1.051826;1.035479;0.999780;217.873907;-12.484624;1.061073;1.391672;0.999670;34.972848;38.512173;1.049462;1.255675;0.999324;19.835413;20.245060;1.014886;1.044623;0.999370;11.427736;11.033848;1.072125;1.422234;1.000001;-12.921056;18.411066;1.097651;1.168680;
2.303693;1.061908;1.046171;1.013673;1.018764;1.021537;1.072123;1.061366;1.090891;1.054793;1.050205;1.057307;1.057200;1.051824;1.035478;0.999781;217.881443;-12.485602;1.061073;1.391683;0.999670;34.975620;38.513650;1.049462;1.255685;0.999324;19.824821;20.247754;1.014885;1.044656;0.999368;11.424285;11.033558;1.072123;1.422273;1.000002;-12.916831;18.411254;1.097652;1.168668;
2.303949;1.061907;1.046169;1.013670;1.018763;1.021535;1.072119;1.061367;1.090892;1.054793;1.050204;1.057305;1.057196;1.051821;1.035477;0.999781;217.896534;-12.487558;1.061072;1.391705;0.999670;34.981170;38.516605;1.049461;1.255705;0.999324;19.803629;20.253143;1.014881;1.044722;0.999365;11.417337;11.032984;1.072119;1.422350;1.000005;-12.908349;18.411627;1.097653;1.168645;
2.304461;1.061906;1.046167;1.013662;1.018760;1.021531;1.072111;1.061367;1.090894;1.054793;1.050203;1.057301;1.057189;1.051815;1.035475;0.999782;217.926793;-12.491474;1.061069;1.391748;0.999670;34.992285;38.522523;1.049459;1.255746;0.999324;19.761217;20.263937;1.014875;1.044853;0.999357;11.403256;11.031860;1.072111;1.422505;1.000010;-12.891255;18.412364;1.097655;1.168599;
2.305485;1.061902;1.046162;1.013648;1.018755;1.021523;1.072096;1.061368;1.090898;1.054794;1.050202;1.057293;1.057174;1.051802;1.035470;0.999783;217.987617;-12.499314;1.061065;1.391835;0.999671;35.014577;38.534386;1.049455;1.255827;0.999323;19.676280;20.285578;1.014862;1.045116;0.999343;11.374354;11.029711;1.072096;1.422817;1.000019;-12.856557;18.413801;1.097660;1.168506;
2.307533;1.061894;1.046151;1.013619;1.018744;1.021506;1.072064;1.061370;1.090906;1.054796;1.050199;1.057278;1.057145;1.051777;1.035461;0.999785;218.110477;-12.515030;1.061056;1.392009;0.999672;35.059407;38.558220;1.049446;1.255991;0.999321;19.505958;20.329082;1.014835;1.045642;0.999314;11.313611;11.025806;1.072064;1.423446;1.000038;-12.785124;18.416522;1.097669;1.168321;
2.311629;1.061879;1.046131;1.013561;1.018723;1.021472;1.072000;1.061375;1.090924;1.054801;1.050195;1.057248;1.057085;1.051727;1.035443;0.999790;218.360968;-12.546606;1.061039;1.392355;0.999674;35.150033;38.606322;1.049430;1.256319;0.999318;19.163561;20.416951;1.014783;1.046693;0.999258;11.180508;11.019572;1.072000;1.424722;1.000076;-12.634190;18.421359;1.097688;1.167947;
2.319821;1.061849;1.046089;1.013446;1.018681;1.021402;1.071869;1.061390;1.090959;1.054820;1.050194;1.057190;1.056963;1.051624;1.035412;0.999799;218.880361;-12.610299;1.061005;1.393047;0.999677;35.334968;38.704190;1.049397;1.256984;0.999312;18.472093;20.596033;1.014678;1.048790;0.999147;10.869047;11.013404;1.071869;1.427344;1.000150;-12.300777;18.428633;1.097725;1.167196;
2.336205;1.061789;1.046003;1.013215;1.018596;1.021249;1.071595;1.061434;1.091034;1.054887;1.050216;1.057084;1.056708;1.051416;1.035366;0.999817;219.987033;-12.739633;1.060936;1.394423;0.999685;35.717895;38.906097;1.049329;1.258341;0.999301;17.064972;20.966708;1.014469;1.052960;0.998940;10.076436;11.025995;1.071595;1.432824;1.000292;-11.514367;18.433876;1.097800;1.165707;
2.368973;1.061670;1.045827;1.012757;1.018428;1.020905;1.071018;1.061572;1.091181;1.055118;1.050345;1.056912;1.056171;1.050997;1.035330;0.999847;222.420671;-13.004151;1.060800;1.397139;0.999697;36.519899;39.330294;1.049189;1.261133;0.999283;14.171909;21.751618;1.014059;1.061175;0.998592;7.924198;11.144729;1.071018;1.444377;1.000541;-9.527594;18.410812;1.097935;1.162998;
2.401741;1.061555;1.045645;1.012305;1.018263;1.020525;1.070417;1.061747;1.091306;1.055444;1.050556;1.056781;1.055612;1.050580;1.035351;0.999871;225.076112;-13.272371;1.060667;1.399800;0.999708;37.346752;39.777735;1.049046;1.263997;0.999270;11.195232;22.587952;1.013658;1.069193;0.998350;5.182484;11.375774;1.070418;1.456365;1.000736;-7.085077;18.350621;1.098036;1.160981;
2.434509;1.061443;1.045461;1.011863;1.018105;1.020129;1.069824;1.061931;1.091386;1.055820;1.050814;1.056681;1.055059;1.050181;1.035406;0.999887;227.850446;-13.540581;1.060538;1.402385;0.999716;38.165289;40.239693;1.048902;1.266872;0.999262;8.162899;23.464785;1.013269;1.076970;0.998230;2.099971;11.696794;1.069826;1.468200;1.000870;-4.332635;18.263708;1.098086;1.159995;
2.467277;1.061336;1.045280;1.011434;1.017963;1.019745;1.069275;1.062102;1.091410;1.056210;1.051090;1.056611;1.054544;1.049821;1.035482;0.999896;230.637199;-13.807551;1.060414;1.404856;0.999723;38.942546;40.703475;1.048762;1.269673;0.999260;5.102103;24.368726;1.012895;1.084449;0.998237;-1.055790;12.079724;1.069279;1.479149;1.000937;-1.431334;18.160041;1.098074;1.160230;
2.500045;1.061238;1.045109;1.011023;1.017848;1.019401;1.068810;1.062247;1.091373;1.056583;1.051362;1.056575;1.054106;1.049525;1.035574;0.999899;233.333306;-14.074212;1.060299;1.407162;0.999728;39.649431;41.154040;1.048631;1.272304;0.999264;2.040137;25.284465;1.012539;1.091567;0.998367;-4.021352;12.491161;1.068815;1.488419;1.000937;1.453554;18.046703;1.097999;1.161724;
2.532813;1.061151;1.044955;1.010633;1.017772;1.019126;1.068470;1.062363;1.091280;1.056920;1.051619;1.056583;1.053783;1.049323;1.035681;0.999895;235.845289;-14.343300;1.060195;1.409245;0.999731;40.263974;41.574606;1.048513;1.274659;0.999272;-0.994128;26.194855;1.012205;1.098255;0.998604;-6.558318;12.896143;1.068476;1.495211;1.000870;4.163280;17.928011;1.097868;1.164354;
2.565581;1.061079;1.044823;1.010270;1.017746;1.018947;1.068290;1.062452;1.091145;1.057211;1.051856;1.056648;1.053610;1.049241;1.035811;0.999885;238.093951;-14.617933;1.060104;1.411052;0.999733;40.773558;41.948852;1.048414;1.276639;0.999286;-3.968801;27.081971;1.011895;1.104440;0.998927;-8.470964;13.261043;1.068295;1.498831;1.000744;6.555054;17.805913;1.097692;1.167872;
2.598349;1.061024;1.044720;1.009938;1.017778;1.018879;1.068291;1.062524;1.090983;1.057450;1.052072;1.056780;1.053608;1.049295;1.035968;0.999870;240.017898;-14.899928;1.060030;1.412541;0.999734;41.176187;42.263283;1.048338;1.278162;0.999305;-6.847894;27.928409;1.011615;1.110051;0.999305;-9.620055;13.556515;1.068294;1.498840;1.000566;8.510197;17.681311;1.097487;1.171961;
2.631117;1.060987;1.044648;1.009641;1.017868;1.018929;1.068477;1.062583;1.090811;1.057633;1.052264;1.056979;1.053782;1.049486;1.036153;0.999851;241.575779;-15.188264;1.059972;1.413693;0.999734;41.480688;42.509388;1.048287;1.279183;0.999328;-9.590822;28.718610;1.011366;1.115030;0.999707;-9.931775;13.759928;1.068478;1.495162;1.000349;9.940281;17.555557;1.097270;1.176302;
2.657214;1.060970;1.044612;1.009432;1.017976;1.019048;1.068744;1.062622;1.090676;1.057735;1.052393;1.057174;1.054035;1.049726;1.036312;0.999834;242.540083;-15.418914;1.059938;1.414379;0.999734;41.666483;42.654947;1.048264;1.279634;0.999350;-11.645639;29.298655;1.011192;1.118512;1.000019;-9.577735;13.845725;1.068744;1.489848;1.000157;10.664795;17.457293;1.097098;1.179746;
2.657214;1.060970;1.044612;1.009432;1.017976;1.019048;1.068744;1.062622;1.090676;1.057735;1.052393;1.057174;1.054035;1.049726;1.036312;0.999834;242.540083;-15.418914;1.059938;1.414379;0.999734;41.666483;42.654947;1.048264;1.279634;0.999350;-11.645639;29.298655;1.011192;1.118512;1.000019;-9.577735;13.845725;1.068744;1.489848;1.000157;10.664795;17.457293;1.097098;1.179746;
2.657214;1.060970;1.044612;1.009432;1.017976;1.019048;1.068744;1.062622;1.090676;1.057735;1.052393;1.057174;1.054035;1.049726;1.036312;0.999834;242.540083;-15.418914;1.059938;1.414379;0.999734;41.666483;42.654947;1.048264;1.279634;0.999350;-11.645639;29.298655;1.011192;1.118512;1.000019;-9.577735;13.845725;1.068744;1.489848;1.000157;10.664795;17.457293;1.097098;1.179746;
2.657220;1.060970;1.044612;1.009432;1.017976;1.019048;1.068744;1.062622;1.090676;1.057735;1.052393;1.057174;1.054035;1.049726;1.036312;0.999834;242.540301;-15.418974;1.059938;1.414379;0.999734;41.666524;42.654979;1.048264;1.279634;0.999350;-11.646157;29.298799;1.011192;1.118512;1.000019;-9.577574;13.845739;1.068744;1.489846;1.000157;10.664935;17.457267;1.097098;1.179747;
2.657220;1.060970;1.044613;1.009433;1.017978;1.019049;1.068745;1.062628;1.090689;1.057739;1.052397;1.057177;1.054036;1.049728;1.036315;0.999834;242.540681;-15.419370;1.059938;1.414374;0.999734;41.666607;42.653342;1.048265;1.279627;0.999350;-11.646086;29.298573;1.011192;1.118504;1.000019;-9.577501;13.844246;1.068745;1.489832;1.000157;10.665076;17.461533;1.097100;1.179703;
2.657221;1.060970;1.044613;1.009433;1.017978;1.019049;1.068745;1.062628;1.090689;1.057739;1.052397;1.057177;1.054036;1.049728;1.036315;0.999834;242.540713;-15.419379;1.059938;1.414374;0.999734;41.666613;42.653346;1.048265;1.279627;0.999350;-11.646163;29.298594;1.011192;1.118504;1.000019;-9.577477;13.844248;1.068745;1.489832;1.000157;10.665097;17.461529;1.097100;1.179703;
2.657222;1.060970;1.044613;1.009433;1.017978;1.019049;1.068745;1.062628;1.090689;1.057739;1.052397;1.057177;1.054036;1.049728;1.036315;0.999834;242.540746;-15.419388;1.059938;1.414374;0.999734;41.666619;42.653351;1.048265;1.279627;0.999350;-11.646239;29.298616;1.011192;1.118504;1.000019;-9.577453;13.844250;1.068745;1.489831;1.000157;10.665118;17.461525;1.097100;1.179703;
2.657224;1.060970;1.044613;1.009433;1.017978;1.019049;1.068745;1.062628;1.090689;1.057739;1.052397;1.057177;1.054036;1.049728;1.036315;0.999834;242.540810;-15.419405;1.059938;1.414374;0.999734;41.666631;42.653360;1.048265;1.279627;0.999350;-11.646393;29.298659;1.011192;1.118504;1.000019;-9.577405;13.844254;1.068745;1.489831;1.000157;10.665160;17.461517;1.097100;1.179703;
2.657228;1.060970;1.044613;1.009433;1.017978;1.019049;1.068745;1.062628;1.090689;1.057739;1.052397;1.057177;1.054036;1.049728;1.036315;0.999834;242.540940;-15.419441;1.059938;1.414375;0.999734;41.666655;42.653379;1.048265;1.279627;0.999350;-11.646700;29.298744;1.011192;1.118505;1.000019;-9.577310;13.844262;1.068745;1.489830;1.000157;10.665244;17.461502;1.097100;1.179704;
2.657236;1.060970;1.044613;1.009433;1.017978;1.019049;1.068745;1.062628;1.090689;1.057739;1.052397;1.057177;1.054036;1.049728;1.036315;0.999834;242.541198;-15.419512;1.059938;1.414375;0.999734;41.666703;42.653417;1.048265;1.279627;0.999350;-11.647315;29.298916;1.011192;1.118506;1.000019;-9.577119;13.844278;1.068745;1.489828;1.000157;10.665411;17.461471;1.097100;1.179705;
2.657252;1.060970;1.044613;1.009433;1.017978;1.019049;1.068745;1.062628;1.090689;1.057739;1.052397;1.057177;1.054036;1.049728;1.036315;0.999834;242.541716;-15.419655;1.059938;1.414375;0.999734;41.666800;42.653493;1.048265;1.279627;0.999350;-11.648544;29.299259;1.011192;1.118508;1.000019;-9.576736;13.844311;1.068745;1.489824;1.000157;10.665747;17.461409;1.097100;1.179707;
2.657284;1.060970;1.044613;1.009432;1.017978;1.019049;1.068746;1.062628;1.090689;1.057739;1.052397;1.057177;1.054036;1.049728;1.036315;0.999834;242.542749;-15.419939;1.059938;1.414376;0.999734;41.666992;42.653644;1.048265;1.279627;0.999350;-11.651002;29.299945;1.011192;1.118512;1.000020;-9.575970;13.844375;1.068746;1.489816;1.000157;10.666417;17.461286;1.097100;1.179711;
2.657348;1.060970;1.044613;1.009432;1.017979;1.019050;1.068746;1.062628;1.090689;1.057740;1.052398;1.057178;1.054037;1.049729;1.036316;0.999834;242.544816;-15.420509;1.059938;1.414377;0.999734;41.667378;42.653946;1.048265;1.279628;0.999350;-11.655916;29.301318;1.011191;1.118520;1.000021;-9.574437;13.844504;1.068746;1.489800;1.000156;10.667756;17.461039;1.097099;1.179720;
2.657476;1.060970;1.044613;1.009431;1.017979;1.019051;1.068748;1.062628;1.090688;1.057740;1.052398;1.057179;1.054039;1.049730;1.036316;0.999834;242.548945;-15.421648;1.059938;1.414380;0.999734;41.668147;42.654549;1.048265;1.279629;0.999350;-11.665744;29.304061;1.011191;1.118536;1.000022;-9.571360;13.844760;1.068748;1.489769;1.000155;10.670427;17.460545;1.097098;1.179737;
2.657732;1.060970;1.044612;1.009429;1.017981;1.019052;1.068751;1.062629;1.090687;1.057741;1.052399;1.057181;1.054042;1.049733;1.036318;0.999834;242.557185;-15.423926;1.059938;1.414386;0.999734;41.669684;42.655752;1.048264;1.279632;0.999350;-11.685388;29.309545;1.011189;1.118568;1.000025;-9.565167;13.845267;1.068751;1.489705;1.000153;10.675741;17.459557;1.097097;1.179771;
2.658244;1.060970;1.044612;1.009425;1.017983;1.019055;1.068758;1.062629;1.090684;1.057742;1.052402;1.057185;1.054048;1.049739;1.036321;0.999833;242.573589;-15.428482;1.059937;1.414397;0.999734;41.672745;42.658145;1.048264;1.279638;0.999351;-11.724638;29.320499;1.011186;1.118632;1.000031;-9.552627;13.846259;1.068758;1.489578;1.000149;10.686253;17.457583;1.097093;1.179839;
2.659268;1.060969;1.044611;1.009417;1.017988;1.019061;1.068770;1.062631;1.090678;1.057746;1.052406;1.057194;1.054060;1.049750;1.036328;0.999832;242.606104;-15.437591;1.059936;1.414419;0.999734;41.678821;42.662878;1.048264;1.279648;0.999352;-11.802976;29.342347;1.011179;1.118759;1.000044;-9.526927;13.848158;1.068770;1.489322;1.000141;10.706821;17.453638;1.097087;1.179975;
2.661316;1.060968;1.044609;1.009402;1.017998;1.019074;1.068796;1.062633;1.090668;1.057752;1.052415;1.057211;1.054085;1.049772;1.036341;0.999831;242.669952;-15.455798;1.059934;1.414463;0.999734;41.690792;42.672139;1.048263;1.279668;0.999354;-11.959004;29.385812;1.011167;1.119011;1.000068;-9.473065;13.851616;1.068796;1.488800;1.000125;10.746127;17.445765;1.097073;1.180247;
2.665412;1.060967;1.044606;1.009372;1.018019;1.019101;1.068850;1.062638;1.090646;1.057763;1.052433;1.057245;1.054136;1.049819;1.036367;0.999828;242.792932;-15.492154;1.059930;1.414547;0.999734;41.714039;42.689838;1.048261;1.279702;0.999357;-12.268416;29.471803;1.011142;1.119508;1.000116;-9.355568;13.857170;1.068850;1.487723;1.000093;10.817412;17.430091;1.097046;1.180789;
2.673604;1.060965;1.044601;1.009314;1.018061;1.019158;1.068964;1.062648;1.090604;1.057782;1.052466;1.057315;1.054244;1.049915;1.036419;0.999822;243.020118;-15.564560;1.059922;1.414700;0.999733;41.757989;42.722011;1.048259;1.279746;0.999365;-12.876274;29.639965;1.011094;1.120468;1.000211;-9.082270;13.862825;1.068964;1.485444;1.000028;10.930698;17.399093;1.096992;1.181860;
2.677142;1.060964;1.044599;1.009290;1.018080;1.019185;1.069016;1.062652;1.090585;1.057788;1.052480;1.057346;1.054292;1.049959;1.036441;0.999819;243.110614;-15.595622;1.059919;1.414762;0.999733;41.776136;42.734638;1.048258;1.279757;0.999368;-13.133919;29.710972;1.011074;1.120869;1.000251;-8.949270;13.863017;1.069016;1.484416;1.000000;10.967653;17.385916;1.096969;1.182316;
2.677142;1.060964;1.044599;1.009290;1.018080;1.019185;1.069016;1.062652;1.090585;1.057788;1.052480;1.057346;1.054292;1.049959;1.036441;0.999819;243.110614;-15.595622;1.059919;1.414762;0.999733;41.776136;42.734638;1.048258;1.279757;0.999368;-13.133919;29.710972;1.011074;1.120869;1.000251;-8.949270;13.863017;1.069016;1.484416;1.000000;10.967653;17.385916;1.096969;1.182316;
2.677143;1.060964;1.044599;1.009290;1.018080;1.019185;1.069016;1.062652;1.090585;1.057788;1.052480;1.057346;1.054292;1.049959;1.036441;0.999819;243.110639;-15.595637;1.059919;1.414762;0.999733;41.776143;42.734641;1.048258;1.279757;0.999368;-13.133991;29.710986;1.011074;1.120869;1.000251;-8.949229;13.863042;1.069016;1.484415;1.000000;10.967661;17.385899;1.096969;1.182317;
2.677144;1.060964;1.044599;1.009290;1.018080;1.019185;1.069016;1.062652;1.090585;1.057788;1.052480;1.057346;1.054292;1.049959;1.036441;0.999819;243.110664;-15.595646;1.059919;1.414762;0.999733;41.776148;42.734645;1.048258;1.279757;0.999368;-13.134064;29.711006;1.011074;1.120869;1.000251;-8.949190;13.863042;1.069016;1.484415;1.000000;10.967670;17.385895;1.096969;1.182317;
2.677146;1.060964;1.044599;1.009290;1.018080;1.019185;1.069016;1.062652;1.090585;1.057788;1.052480;1.057346;1.054292;1.049959;1.036441;0.999819;243.110714;-15.595666;1.059919;1.414762;0.999733;41.776159;42.734651;1.048258;1.279757;0.999368;-13.134209;29.711044;1.011074;1.120869;1.000251;-8.949111;13.863053;1.069016;1.484414;1.000000;10.967688;17.385882;1.096969;1.182317;
2.677150;1.060964;1.044599;1.009289;1.018080;1.019185;1.069016;1.062652;1.090585;1.057788;1.052480;1.057346;1.054293;1.049959;1.036441;0.999819;243.110814;-15.595698;1.059919;1.414762;0.999733;41.776178;42.734665;1.048258;1.279757;0.999368;-13.134499;29.711126;1.011074;1.120869;1.000251;-8.948956;13.863042;1.069016;1.484413;1.000000;10.967726;17.385873;1.096969;1.182317;
2.677152;1.060964;1.044599;1.009289;1.018080;1.019185;1.069016;1.062652;1.090585;1.057788;1.052480;1.057346;1.054293;1.049959;1.036441;0.999819;243.110864;-15.595715;1.059919;1.414762;0.999733;41.776188;42.734672;1.048258;1.279757;0.999368;-13.134645;29.711167;1.011074;1.120870;1.000251;-8.948877;13.863038;1.069016;1.484412;1.000000;10.967745;17.385867;1.096969;1.182318;
2.677152;1.060964;1.044599;1.009289;1.018080;1.019185;1.069016;1.062652;1.090585;1.057788;1.052480;1.057346;1.054293;1.049959;1.036441;0.999819;243.110864;-15.595715;1.059919;1.414762;0.999733;41.776188;42.734672;1.048258;1.279757;0.999368;-13.134645;29.711167;1.011074;1.120870;1.000251;-8.948877;13.863038;1.069016;1.484412;1.000000;10.967745;17.385867;1.096969;1.182318;
2.677152;1.060964;1.044599;1.009289;1.018080;1.019185;1.069016;1.062652;1.090585;1.057788;1.052480;1.057346;1.054293;1.049959;1.036441;0.999819;243.110864;-15.595715;1.059919;1.414762;0.999733;41.776188;42.734672;1.048258;1.279757;0.999368;-13.134645;29.711167;1.011074;1.120870;1.000251;-8.948877;13.863038;1.069016;1.484412;1.000000;10.967745;17.385867;1.096969;1.182318;
2.677158;1.060964;1.044599;1.009289;1.018080;1.019185;1.069016;1.062652;1.090585;1.057788;1.052480;1.057346;1.054293;1.049959;1.036441;0.999819;243.111013;-15.595769;1.059919;1.414762;0.999733;41.776218;42.734693;1.048258;1.279757;0.999368;-13.135079;29.711286;1.011074;1.120870;1.000251;-8.948643;13.863040;1.069016;1.484411;1.000000;10.967802;17.385843;1.096969;1.182318;
2.677174;1.060964;1.044599;1.009289;1.018081;1.019185;1.069016;1.062652;1.090585;1.057788;1.052480;1.057346;1.054293;1.049959;1.036441;0.999819;243.111411;-15.595909;1.059919;1.414762;0.999733;41.776298;42.734748;1.048258;1.279757;0.999368;-13.136239;29.711605;1.011074;1.120872;1.000251;-8.948017;13.863038;1.069016;1.484406;1.000000;10.967952;17.385783;1.096969;1.182321;
2.677206;1.060964;1.044599;1.009289;1.018081;1.019185;1.069017;1.062652;1.090585;1.057788;1.052480;1.057346;1.054293;1.049960;1.036441;0.999819;243.112207;-15.596190;1.059919;1.414763;0.999733;41.776458;42.734858;1.048258;1.279757;0.999368;-13.138559;29.712243;1.011074;1.120876;1.000252;-8.946764;13.863034;1.069017;1.484396;1.000000;10.968251;17.385664;1.096969;1.182325;
2.677270;1.060964;1.044599;1.009289;1.018081;1.019186;1.069018;1.062652;1.090585;1.057788;1.052480;1.057347;1.054294;1.049960;1.036442;0.999819;243.113798;-15.596753;1.059919;1.414764;0.999733;41.776777;42.735078;1.048258;1.279757;0.999369;-13.143199;29.713519;1.011073;1.120883;1.000252;-8.944256;13.863025;1.069018;1.484377;0.999999;10.968849;17.385425;1.096969;1.182333;
2.677398;1.060964;1.044599;1.009288;1.018082;1.019187;1.069019;1.062652;1.090584;1.057789;1.052480;1.057348;1.054296;1.049962;1.036443;0.999819;243.116975;-15.597877;1.059919;1.414766;0.999733;41.777416;42.735517;1.048258;1.279758;0.999369;-13.152475;29.716070;1.011072;1.120897;1.000254;-8.939232;13.863005;1.069019;1.484339;0.999998;10.970038;17.384948;1.096968;1.182349;
2.677654;1.060964;1.044599;1.009286;1.018083;1.019189;1.069023;1.062652;1.090583;1.057789;1.052481;1.057350;1.054300;1.049965;1.036444;0.999819;243.123312;-15.600125;1.059918;1.414770;0.999733;41.778690;42.736392;1.048258;1.279758;0.999369;-13.171016;29.721168;1.011071;1.120926;1.000257;-8.929148;13.862960;1.069023;1.484263;0.999996;10.972386;17.383995;1.096966;1.182382;
2.678166;1.060964;1.044599;1.009283;1.018086;1.019193;1.069031;1.062653;1.090580;1.057790;1.052483;1.057355;1.054307;1.049972;1.036447;0.999819;243.135913;-15.604621;1.059918;1.414779;0.999733;41.781231;42.738131;1.048258;1.279759;0.999369;-13.208053;29.731348;1.011068;1.120983;1.000262;-8.908835;13.862849;1.069031;1.484111;0.999992;10.976969;17.382090;1.096963;1.182448;
2.679190;1.060963;1.044599;1.009276;1.018092;1.019201;1.069046;1.062654;1.090575;1.057792;1.052487;1.057364;1.054321;1.049985;1.036454;0.999818;243.160824;-15.613604;1.059917;1.414795;0.999733;41.786279;42.741558;1.048258;1.279760;0.999370;-13.281944;29.751648;1.011063;1.121097;1.000274;-8.867634;13.862542;1.069046;1.483803;0.999984;10.985679;17.378289;1.096956;1.182580;
2.681238;1.060963;1.044598;1.009262;1.018103;1.019217;1.069077;1.062656;1.090565;1.057795;1.052494;1.057382;1.054351;1.050010;1.036467;0.999816;243.209487;-15.631542;1.059916;1.414828;0.999733;41.796247;42.748218;1.048258;1.279762;0.999372;-13.428993;29.792001;1.011051;1.121322;1.000296;-8.782946;13.861588;1.069077;1.483182;0.999967;11.001281;17.370721;1.096943;1.182841;
2.685334;1.060963;1.044597;1.009235;1.018126;1.019251;1.069141;1.062659;1.090544;1.057800;1.052508;1.057418;1.054411;1.050063;1.036492;0.999813;243.302191;-15.667291;1.059912;1.414890;0.999733;41.815697;42.760771;1.048258;1.279760;0.999376;-13.720108;29.871710;1.011029;1.121764;1.000341;-8.604558;13.858325;1.069141;1.481914;0.999935;11.025243;17.355730;1.096917;1.183359;
2.693526;1.060962;1.044596;1.009183;1.018173;1.019321;1.069272;1.062666;1.090504;1.057807;1.052533;1.057491;1.054536;1.050172;1.036543;0.999807;243.469288;-15.738185;1.059907;1.415003;0.999733;41.852900;42.782892;1.048259;1.279734;0.999385;-14.290028;30.027096;1.010987;1.122615;1.000427;-8.212897;13.846435;1.069272;1.479281;0.999870;11.044523;17.326392;1.096867;1.184375;
2.709910;1.060964;1.044600;1.009087;1.018271;1.019474;1.069551;1.062675;1.090427;1.057806;1.052571;1.057636;1.054800;1.050398;1.036638;0.999794;243.732059;-15.876772;1.059898;1.415185;0.999732;41.922602;42.815977;1.048266;1.279608;0.999402;-15.377556;30.321397;1.010908;1.124182;1.000586;-7.300618;13.801841;1.069551;1.473717;0.999741;10.971843;17.270803;1.096769;1.186318;
2.742678;1.060971;1.044623;1.008925;1.018466;1.019810;1.070133;1.062668;1.090285;1.057738;1.052591;1.057904;1.055354;1.050857;1.036795;0.999769;243.992426;-16.134677;1.059886;1.415426;0.999731;42.060811;42.844868;1.048291;1.279105;0.999438;-17.319172;30.841935;1.010778;1.126782;1.000837;-5.061655;13.637667;1.070133;1.462064;0.999498;10.418814;17.175981;1.096593;1.189844;
2.775446;1.060982;1.044661;1.008804;1.018641;1.020155;1.070703;1.062619;1.090156;1.057577;1.052526;1.058114;1.055894;1.051285;1.036884;0.999743;243.932237;-16.358016;1.059879;1.415566;0.999729;42.220218;42.835224;1.048328;1.278352;0.999477;-18.919503;31.269793;1.010683;1.128683;1.000986;-2.418539;13.387180;1.070704;1.450651;0.999281;9.382523;17.108637;1.096439;1.192929;
2.808214;1.060990;1.044709;1.008723;1.018773;1.020473;1.071201;1.062518;1.090033;1.057322;1.052367;1.058234;1.056365;1.051635;1.036886;0.999718;243.604431;-16.536302;1.059872;1.415693;0.999727;42.431277;42.801909;1.048373;1.277460;0.999518;-20.139500;31.602230;1.010622;1.129902;1.001025;0.408394;13.074357;1.071205;1.440638;0.999098;7.958989;17.075113;1.096304;1.195630;
2.840982;1.060990;1.044759;1.008681;1.018844;1.020730;1.071583;1.062359;1.089914;1.056985;1.052116;1.058249;1.056724;1.051872;1.036791;0.999695;243.070448;-16.662041;1.059862;1.415888;0.999724;42.721129;42.758330;1.048419;1.276533;0.999560;-20.944977;31.836018;1.010594;1.130461;1.000950;3.184807;12.729218;1.071589;1.432951;0.998956;6.259514;17.079159;1.096186;1.197988;
2.873750;1.060980;1.044806;1.008677;1.018840;1.020900;1.071819;1.062146;1.089796;1.056582;1.051788;1.058153;1.056941;1.051977;1.036601;0.999674;242.395064;-16.731208;1.059846;1.416216;0.999720;43.109374;42.715726;1.048463;1.275657;0.999603;-21.310379;31.968038;1.010598;1.130381;1.000769;5.683205;12.382775;1.071826;1.428218;0.998859;4.402576;17.121147;1.096084;1.200025;
2.906518;1.060957;1.044847;1.008710;1.018757;1.020965;1.071895;1.061889;1.089681;1.056143;1.051405;1.057955;1.057005;1.051946;1.036332;0.999654;241.641370;-16.743869;1.059821;1.416721;0.999716;43.604914;42.682132;1.048501;1.274896;0.999645;-21.221596;31.995439;1.010633;1.129688;1.000497;7.702368;12.065836;1.071901;1.426702;0.998809;2.505718;17.197646;1.095999;1.201724;
2.939286;1.060920;1.044879;1.008778;1.018594;1.020916;1.071814;1.061604;1.089575;1.055699;1.050998;1.057676;1.056918;1.051788;1.036007;0.999637;240.865972;-16.703580;1.059786;1.417426;0.999710;44.203710;42.662649;1.048532;1.274288;0.999686;-20.677889;31.916542;1.010697;1.128414;1.000157;9.083563;11.806178;1.071819;1.428344;0.998803;0.678093;17.302010;1.095933;1.203044;
2.951571;1.060902;1.044889;1.008813;1.018514;1.020869;1.071747;1.061495;1.089539;1.055539;1.050847;1.057558;1.056851;1.051701;1.035878;0.999631;240.581536;-16.676431;1.059770;1.417742;0.999707;44.450169;42.659708;1.048541;1.274104;0.999701;-20.360370;31.859604;1.010727;1.127797;1.000019;9.410236;11.729692;1.071752;1.429693;0.998811;0.035074;17.346135;1.095914;1.203427;
2.951571;1.060903;1.044889;1.008812;1.018516;1.020871;1.071755;1.061499;1.089545;1.055543;1.050852;1.057564;1.056858;1.051708;1.035884;0.999631;240.581639;-16.677903;1.059770;1.417738;0.999707;44.450307;42.658960;1.048541;1.274099;0.999701;-20.360695;31.857926;1.010727;1.127799;1.000019;9.411358;11.732835;1.071755;1.429637;0.998811;0.034946;17.347219;1.095918;1.203339;
2.951572;1.060903;1.044889;1.008813;1.018517;1.020872;1.071755;1.061501;1.089548;1.055545;1.050853;1.057564;1.056859;1.051709;1.035885;0.999631;240.581737;-16.677859;1.059770;1.417736;0.999707;44.450329;42.658030;1.048541;1.274095;0.999701;-20.360607;31.858256;1.010728;1.127792;1.000019;9.411181;11.732620;1.071755;1.429627;0.998811;0.035189;17.348094;1.095917;1.203365;
2.951573;1.060903;1.044889;1.008813;1.018517;1.020872;1.071755;1.061501;1.089548;1.055545;1.050853;1.057564;1.056859;1.051709;1.035885;0.999631;240.581714;-16.677856;1.059770;1.417736;0.999707;44.450350;42.658030;1.048541;1.274095;0.999701;-20.360578;31.858251;1.010728;1.127792;1.000019;9.411204;11.732614;1.071755;1.429627;0.998811;0.035137;17.348098;1.095917;1.203366;
2.951575;1.060903;1.044889;1.008813;1.018517;1.020872;1.071755;1.061501;1.089548;1.055545;1.050853;1.057564;1.056859;1.051709;1.035885;0.999631;240.581659;-16.677854;1.059770;1.417736;0.999707;44.450391;42.658086;1.048541;1.274096;0.999701;-20.360525;31.858220;1.010728;1.127792;1.000019;9.411264;11.732615;1.071755;1.429628;0.998811;0.035013;17.348052;1.095917;1.203364;
2.951578;1.060903;1.044889;1.008813;1.018517;1.020872;1.071755;1.061501;1.089548;1.055545;1.050853;1.057564;1.056859;1.051709;1.035885;0.999631;240.581596;-16.677846;1.059770;1.417736;0.999707;44.450449;42.658071;1.048541;1.274095;0.999701;-20.360445;31.858211;1.010728;1.127792;1.000019;9.411326;11.732595;1.071755;1.429628;0.998811;0.034873;17.348077;1.095917;1.203364;
2.951578;1.060903;1.044889;1.008813;1.018517;1.020872;1.071755;1.061501;1.089548;1.055545;1.050853;1.057564;1.056859;1.051709;1.035885;0.999631;240.581596;-16.677846;1.059770;1.417736;0.999707;44.450449;42.658071;1.048541;1.274095;0.999701;-20.360445;31.858211;1.010728;1.127792;1.000019;9.411326;11.732595;1.071755;1.429628;0.998811;0.034873;17.348077;1.095917;1.203364;
2.951578;1.060903;1.044889;1.008813;1.018517;1.020872;1.071755;1.061501;1.089548;1.055545;1.050853;1.057564;1.056859;1.051709;1.035885;0.999631;240.581596;-16.677846;1.059770;1.417736;0.999707;44.450449;42.658071;1.048541;1.274095;0.999701;-20.360445;31.858211;1.010728;1.127792;1.000019;9.411326;11.732595;1.071755;1.429628;0.998811;0.034873;17.348077;1.095917;1.203364;
2.951579;1.060903;1.044889;1.008813;1.018517;1.020872;1.071755;1.061501;1.089548;1.055545;1.050853;1.057564;1.056859;1.051709;1.035885;0.999631;240.581572;-16.677841;1.059770;1.417736;0.999707;44.450475;42.658029;1.048541;1.274095;0.999701;-20.360407;31.858220;1.010728;1.127792;1.000019;9.411346;11.732578;1.071755;1.429628;0.998811;0.034821;17.348121;1.095917;1.203366;
2.951587;1.060903;1.044889;1.008813;1.018517;1.020872;1.071755;1.061501;1.089548;1.055544;1.050853;1.057564;1.056859;1.051709;1.035885;0.999631;240.581384;-16.677820;1.059770;1.417736;0.999707;44.450641;42.658027;1.048541;1.274095;0.999701;-20.360178;31.858178;1.010728;1.127791;1.000019;9.411535;11.732529;1.071755;1.429629;0.998811;0.034400;17.348151;1.095917;1.203366;
2.951603;1.060903;1.044889;1.008813;1.018517;1.020872;1.071755;1.061501;1.089548;1.055544;1.050853;1.057564;1.056858;1.051709;1.035884;0.999631;240.581006;-16.677780;1.059770;1.417737;0.999707;44.450974;42.658024;1.048541;1.274095;0.999701;-20.359721;31.858093;1.010728;1.127791;1.000019;9.411912;11.732432;1.071755;1.429631;0.998811;0.033558;17.348212;1.095917;1.203366;
2.951635;1.060903;1.044889;1.008813;1.018516;1.020871;1.071755;1.061500;1.089548;1.055544;1.050852;1.057564;1.056858;1.051708;1.035884;0.999631;240.580251;-16.677698;1.059770;1.417738;0.999707;44.451640;42.658018;1.048541;1.274095;0.999701;-20.358806;31.857925;1.010728;1.127789;1.000018;9.412666;11.732237;1.071755;1.429635;0.998811;0.031875;17.348334;1.095917;1.203367;
2.951699;1.060903;1.044889;1.008813;1.018516;1.020871;1.071754;1.061500;1.089548;1.055543;1.050851;1.057563;1.056858;1.051708;1.035883;0.999631;240.578741;-16.677535;1.059770;1.417739;0.999707;44.452973;42.658005;1.048541;1.274094;0.999701;-20.356974;31.857588;1.010728;1.127785;1.000018;9.414172;11.731848;1.071754;1.429643;0.998811;0.028509;17.348578;1.095917;1.203369;
2.951827;1.060902;1.044889;1.008814;1.018515;1.020871;1.071753;1.061499;1.089547;1.055541;1.050850;1.057562;1.056857;1.051707;1.035882;0.999631;240.575722;-16.677208;1.059770;1.417743;0.999707;44.455639;42.657981;1.048541;1.274092;0.999701;-20.353306;31.856913;1.010728;1.127779;1.000016;9.417175;11.731070;1.071753;1.429659;0.998811;0.021779;17.349066;1.095917;1.203373;
2.952083;1.060902;1.044890;1.008815;1.018513;1.020869;1.071752;1.061496;1.089547;1.055538;1.050847;1.057559;1.056855;1.051705;1.035879;0.999631;240.569687;-16.676552;1.059769;1.417750;0.999707;44.460974;42.657932;1.048542;1.274088;0.999702;-20.345950;31.855558;1.010729;1.127765;1.000013;9.423144;11.729520;1.071752;1.429692;0.998812;0.008328;17.350043;1.095916;1.203380;
2.952595;1.060901;1.044890;1.008816;1.018510;1.020867;1.071749;1.061492;1.089545;1.055531;1.050840;1.057554;1.056852;1.051701;1.035874;0.999630;240.557624;-16.675232;1.059769;1.417763;0.999707;44.471661;42.657840;1.048542;1.274081;0.999702;-20.331156;31.852828;1.010731;1.127737;1.000007;9.434932;11.726436;1.071749;1.429759;0.998812;-0.018534;17.352000;1.095916;1.203395;
2.953619;1.060900;1.044891;1.008819;1.018502;1.020862;1.071742;1.061482;1.089542;1.055518;1.050827;1.057543;1.056845;1.051692;1.035862;0.999630;240.533535;-16.672558;1.059767;1.417791;0.999707;44.493096;42.657668;1.048543;1.274066;0.999704;-20.301245;31.847290;1.010733;1.127681;0.999995;9.457915;11.720334;1.071742;1.429893;0.998813;-0.072104;17.355925;1.095914;1.203423;
2.955667;1.060897;1.044892;1.008826;1.018488;1.020853;1.071728;1.061464;1.089537;1.055491;1.050802;1.057522;1.056832;1.051676;1.035840;0.999629;240.485504;-16.667077;1.059765;1.417847;0.999707;44.536206;42.657384;1.048544;1.274038;0.999706;-20.240131;31.835905;1.010739;1.127567;0.999970;9.501495;11.708398;1.071728;1.430171;0.998815;-0.178615;17.363820;1.095911;1.203479;
2.959763;1.060890;1.044895;1.008839;1.018458;1.020831;1.071698;1.061427;1.089525;1.055438;1.050751;1.057479;1.056802;1.051641;1.035795;0.999627;240.390065;-16.655590;1.059759;1.417962;0.999706;44.623349;42.657047;1.048547;1.273984;0.999711;-20.112770;31.811897;1.010751;1.127334;0.999921;9.579090;11.685620;1.071698;1.430760;0.998820;-0.389042;17.379779;1.095906;1.203586;
2.967955;1.060876;1.044900;1.008867;1.018394;1.020784;1.071633;1.061352;1.089504;1.055335;1.050651;1.057392;1.056738;1.051568;1.035704;0.999623;240.201905;-16.630600;1.059747;1.418201;0.999704;44.801001;42.657295;1.048552;1.273885;0.999721;-19.837804;31.758956;1.010775;1.126844;0.999823;9.695856;11.644568;1.071633;1.432063;0.998832;-0.798931;17.412282;1.095896;1.203778;
2.984339;1.060847;1.044907;1.008928;1.018256;1.020669;1.071480;1.061206;1.089464;1.055139;1.050457;1.057212;1.056587;1.051405;1.035523;0.999616;239.837944;-16.573202;1.059721;1.418715;0.999700;45.166872;42.661398;1.048560;1.273721;0.999740;-19.209513;31.633658;1.010829;1.125773;0.999625;9.775964;11.581314;1.071480;1.435126;0.998861;-1.570678;17.478946;1.095882;1.204073;
3.017107;1.060779;1.044916;1.009071;1.017944;1.020371;1.071101;1.060932;1.089402;1.054802;1.050112;1.056847;1.056218;1.051034;1.035175;0.999604;239.165653;-16.434101;1.059663;1.419869;0.999690;45.914077;42.682947;1.048570;1.273519;0.999775;-17.665280;31.308781;1.010952;1.123302;0.999244;9.347584;11.533203;1.071101;1.442709;0.998943;-2.897639;17.613766;1.095870;1.204301;
3.082643;1.060626;1.044911;1.009423;1.017268;1.019605;1.070199;1.060509;1.089357;1.054389;1.049640;1.056192;1.055347;1.050235;1.034612;0.999584;238.017383;-16.101537;1.059534;1.422455;0.999668;47.231518;42.764521;1.048573;1.273457;0.999835;-13.688287;30.403124;1.011249;1.117376;0.998647;6.620935;11.725058;1.070199;1.460743;0.999165;-4.620739;17.856826;1.095915;1.203396;
3.139235;1.060486;1.044894;1.009775;1.016702;1.018866;1.069381;1.060302;1.089401;1.054309;1.049476;1.055757;1.054562;1.049573;1.034298;0.999571;237.169221;-15.789513;1.059418;1.424784;0.999644;47.970335;42.863351;1.048565;1.273620;0.999874;-9.559852;29.395204;1.011540;1.111553;0.998374;2.841572;12.147850;1.069380;1.477120;0.999391;-5.137662;18.016656;1.096019;1.201335;
3.195827;1.060360;1.044881;1.010146;1.016261;1.018208;1.068688;1.060259;1.089511;1.054455;1.049527;1.055502;1.053901;1.049057;1.034173;0.999562;236.324578;-15.503975;1.059313;1.426887;0.999620;48.076956;42.959192;1.048560;1.273718;0.999898;-5.175604;28.247422;1.011841;1.105534;0.998375;-1.332079;12.703481;1.068688;1.490961;0.999612;-4.882301;18.110617;1.096162;1.198472;
3.246759;1.060273;1.044887;1.010477;1.016047;1.017801;1.068290;1.060364;1.089653;1.054747;1.049740;1.055463;1.053522;1.048802;1.034237;0.999558;235.456000;-15.305619;1.059239;1.428349;0.999600;47.494252;43.013133;1.048570;1.273518;0.999909;-1.296478;27.144902;1.012105;1.100248;0.998605;-4.719308;13.218957;1.068292;1.498898;0.999787;-4.154912;18.131080;1.096311;1.195490;
3.297692;1.060223;1.044922;1.010790;1.016062;1.017662;1.068201;1.060603;1.089828;1.055155;1.050092;1.055636;1.053442;1.048815;1.034476;0.999557;234.386462;-15.192689;1.059197;1.429204;0.999583;46.214418;43.005459;1.048604;1.272835;0.999910;2.259836;26.024498;1.012351;1.095333;0.999004;-7.143910;13.649822;1.068204;1.500645;0.999925;-3.153058;18.089006;1.096468;1.192343;
3.335199;1.060213;1.044972;1.011002;1.016234;1.017761;1.068359;1.060853;1.089970;1.055506;1.050422;1.055898;1.053599;1.049013;1.034759;0.999560;233.437287;-15.172811;1.059187;1.429388;0.999574;44.857773;42.948212;1.048648;1.271953;0.999905;4.552934;25.215982;1.012514;1.092069;0.999358;-8.077624;13.867323;1.068362;1.497489;1.000000;-2.354348;18.020838;1.096584;1.190021;
3.335199;1.060213;1.044972;1.011002;1.016234;1.017761;1.068359;1.060853;1.089970;1.055506;1.050422;1.055898;1.053599;1.049013;1.034759;0.999560;233.437287;-15.172811;1.059187;1.429388;0.999574;44.857773;42.948212;1.048648;1.271953;0.999905;4.552934;25.215982;1.012514;1.092069;0.999358;-8.077624;13.867323;1.068362;1.497489;1.000000;-2.354348;18.020838;1.096584;1.190021;
3.335199;1.060213;1.044972;1.011002;1.016234;1.017761;1.068359;1.060853;1.089970;1.055506;1.050422;1.055898;1.053599;1.049013;1.034759;0.999560;233.437287;-15.172811;1.059187;1.429388;0.999574;44.857773;42.948212;1.048648;1.271953;0.999905;4.552934;25.215982;1.012514;1.092069;0.999358;-8.077624;13.867323;1.068362;1.497489;1.000000;-2.354348;18.020838;1.096584;1.190021;
3.335246;1.060213;1.044972;1.011003;1.016234;1.017761;1.068360;1.060854;1.089970;1.055506;1.050423;1.055898;1.053599;1.049014;1.034759;0.999560;233.436002;-15.172819;1.059187;1.429388;0.999574;44.855838;42.948113;1.048648;1.271952;0.999905;4.555654;25.214969;1.012514;1.092065;0.999358;-8.078347;13.867539;1.068362;1.497483;1.000000;-2.353307;18.020733;1.096584;1.190018;
3.335246;1.060213;1.044972;1.011003;1.016235;1.017762;1.068364;1.060855;1.089971;1.055508;1.050425;1.055902;1.053603;1.049017;1.034762;0.999560;233.436154;-15.173426;1.059188;1.429386;0.999574;44.855975;42.947434;1.048649;1.271948;0.999905;4.555622;25.214466;1.012514;1.092063;0.999358;-8.078149;13.869685;1.068364;1.497455;1.000000;-2.353229;18.020497;1.096585;1.190011;
3.335246;1.060213;1.044972;1.011003;1.016235;1.017762;1.068364;1.060855;1.089971;1.055508;1.050425;1.055902;1.053603;1.049017;1.034762;0.999560;233.436154;-15.173426;1.059188;1.429386;0.999574;44.855975;42.947434;1.048649;1.271948;0.999905;4.555622;25.214466;1.012514;1.092063;0.999358;-8.078149;13.869685;1.068364;1.497455;1.000000;-2.353229;18.020497;1.096585;1.190011;
3.335246;1.060213;1.044972;1.011003;1.016235;1.017762;1.068364;1.060855;1.089971;1.055508;1.050425;1.055902;1.053603;1.049017;1.034762;0.999560;233.436154;-15.173426;1.059188;1.429386;0.999574;44.855975;42.947434;1.048649;1.271948;0.999905;4.555622;25.214466;1.012514;1.092063;0.999358;-8.078149;13.869685;1.068364;1.497455;1.000000;-2.353229;18.020497;1.096585;1.190011;
3.335247;1.060213;1.044972;1.011003;1.016235;1.017762;1.068364;1.060855;1.089971;1.055508;1.050425;1.055902;1.053603;1.049018;1.034762;0.999560;233.436138;-15.173427;1.059188;1.429386;0.999574;44.855949;42.947432;1.048649;1.271948;0.999905;4.555692;25.214440;1.012514;1.092063;0.999358;-8.078160;13.869712;1.068364;1.497454;1.000000;-2.353244;18.020496;1.096585;1.190011;
3.335248;1.060213;1.044972;1.011003;1.016235;1.017762;1.068364;1.060855;1.089971;1.055508;1.050425;1.055902;1.053603;1.049018;1.034762;0.999560;233.436111;-15.173427;1.059188;1.429386;0.999574;44.855908;42.947430;1.048649;1.271948;0.999905;4.555751;25.214418;1.012514;1.092063;0.999358;-8.078177;13.869717;1.068364;1.497454;1.000000;-2.353221;18.020493;1.096585;1.190011;
3.335250;1.060213;1.044972;1.011003;1.016235;1.017762;1.068364;1.060855;1.089971;1.055508;1.050425;1.055902;1.053603;1.049018;1.034762;0.999560;233.436057;-15.173427;1.059188;1.429386;0.999574;44.855825;42.947426;1.048649;1.271948;0.999905;4.555866;25.214375;1.012514;1.092062;0.999358;-8.078211;13.869726;1.068364;1.497454;1.000000;-2.353174;18.020489;1.096585;1.190010;
3.335254;1.060213;1.044972;1.011003;1.016235;1.017762;1.068364;1.060855;1.089971;1.055508;1.050425;1.055902;1.053603;1.049018;1.034762;0.999560;233.435950;-15.173428;1.059188;1.429386;0.999574;44.855661;42.947418;1.048649;1.271948;0.999905;4.556100;25.214289;1.012514;1.092062;0.999358;-8.078278;13.869747;1.068364;1.497453;1.000000;-2.353085;18.020480;1.096585;1.190010;
3.335262;1.060213;1.044972;1.011003;1.016235;1.017762;1.068364;1.060855;1.089971;1.055508;1.050425;1.055902;1.053603;1.049018;1.034762;0.999560;233.435735;-15.173429;1.059188;1.429386;0.999574;44.855333;42.947401;1.048649;1.271948;0.999905;4.556565;25.214116;1.012514;1.092061;0.999358;-8.078412;13.869786;1.068364;1.497452;1.000000;-2.352903;18.020462;1.096585;1.190010;
3.335278;1.060213;1.044972;1.011003;1.016235;1.017762;1.068364;1.060855;1.089971;1.055509;1.050426;1.055902;1.053603;1.049018;1.034762;0.999560;233.435304;-15.173431;1.059188;1.429386;0.999574;44.854675;42.947368;1.048649;1.271947;0.999905;4.557496;25.213771;1.012514;1.092060;0.999359;-8.078681;13.869864;1.068364;1.497450;1.000000;-2.352539;18.020425;1.096585;1.190009;
3.335310;1.060213;1.044972;1.011003;1.016236;1.017763;1.068364;1.060856;1.089971;1.055509;1.050426;1.055902;1.053604;1.049018;1.034763;0.999560;233.434443;-15.173436;1.059188;1.429386;0.999574;44.853361;42.947302;1.048649;1.271947;0.999905;4.559358;25.213080;1.012514;1.092057;0.999359;-8.079218;13.870020;1.068364;1.497446;1.000000;-2.351812;18.020353;1.096585;1.190007;
3.335374;1.060213;1.044972;1.011003;1.016236;1.017763;1.068365;1.060856;1.089972;1.055510;1.050427;1.055903;1.053604;1.049018;1.034763;0.999560;233.432720;-15.173446;1.059188;1.429386;0.999574;44.850731;42.947171;1.048649;1.271945;0.999905;4.563082;25.211699;1.012515;1.092052;0.999360;-8.080289;13.870332;1.068365;1.497437;1.000000;-2.350356;18.020208;1.096585;1.190003;
3.335502;1.060213;1.044972;1.011004;1.016237;1.017763;1.068365;1.060857;1.089972;1.055511;1.050428;1.055904;1.053605;1.049019;1.034764;0.999560;233.429272;-15.173466;1.059188;1.429386;0.999574;44.845467;42.946907;1.048649;1.271941;0.999905;4.570525;25.208936;1.012515;1.092041;0.999361;-8.082425;13.870955;1.068365;1.497420;1.000000;-2.347446;18.019919;1.096586;1.189995;
3.335758;1.060213;1.044973;1.011005;1.016238;1.017765;1.068367;1.060859;1.089973;1.055513;1.050430;1.055906;1.053607;1.049021;1.034767;0.999560;233.422372;-15.173508;1.059188;1.429386;0.999574;44.834929;42.946377;1.048649;1.271934;0.999905;4.585400;25.203412;1.012516;1.092020;0.999364;-8.086664;13.872197;1.068367;1.497386;1.000001;-2.341625;18.019338;1.096586;1.189979;
3.336270;1.060213;1.044974;1.011008;1.016242;1.017767;1.068371;1.060863;1.089975;1.055519;1.050435;1.055910;1.053610;1.049025;1.034771;0.999560;233.408549;-15.173601;1.059188;1.429386;0.999574;44.813806;42.945311;1.048650;1.271920;0.999905;4.615099;25.192368;1.012519;1.091977;0.999369;-8.095021;13.874664;1.068371;1.497317;1.000002;-2.329988;18.018173;1.096588;1.189946;
3.337294;1.060213;1.044975;1.011014;1.016248;1.017772;1.068378;1.060871;1.089979;1.055529;1.050445;1.055919;1.053617;1.049033;1.034780;0.999560;233.380814;-15.173819;1.059188;1.429386;0.999574;44.771373;42.943149;1.048651;1.271892;0.999904;4.674300;25.170298;1.012523;1.091891;0.999380;-8.111240;13.879536;1.068378;1.497177;1.000004;-2.306726;18.015826;1.096591;1.189882;
3.339342;1.060214;1.044979;1.011025;1.016262;1.017783;1.068392;1.060887;1.089988;1.055550;1.050466;1.055937;1.053631;1.049049;1.034799;0.999561;233.324986;-15.174389;1.059188;1.429385;0.999574;44.685767;42.938709;1.048654;1.271834;0.999904;4.791902;25.126229;1.012531;1.091721;0.999401;-8.141703;13.889021;1.068392;1.496887;1.000007;-2.260260;18.011068;1.096598;1.189754;
3.343438;1.060214;1.044985;1.011047;1.016291;1.017806;1.068423;1.060919;1.090004;1.055592;1.050507;1.055974;1.053661;1.049082;1.034836;0.999561;233.211898;-15.176055;1.059188;1.429378;0.999573;44.511640;42.929369;1.048660;1.271715;0.999903;5.023886;25.038393;1.012548;1.091384;0.999444;-8.194707;13.906945;1.068423;1.496271;1.000013;-2.167595;18.001299;1.096610;1.189497;
3.351630;1.060216;1.045000;1.011091;1.016353;1.017858;1.068492;1.060985;1.090038;1.055676;1.050590;1.056053;1.053728;1.049154;1.034915;0.999562;232.980033;-15.181458;1.059189;1.429350;0.999572;44.152127;42.908863;1.048673;1.271464;0.999901;5.474758;24.864033;1.012581;1.090725;0.999531;-8.268967;13.938522;1.068492;1.494895;1.000026;-1.983629;17.980781;1.096636;1.188985;
3.368014;1.060224;1.045032;1.011174;1.016496;1.017988;1.068656;1.061125;1.090105;1.055848;1.050762;1.056224;1.053889;1.049320;1.035082;0.999565;232.494118;-15.200175;1.059195;1.429237;0.999570;43.391643;42.860802;1.048700;1.270914;0.999896;6.322776;24.521394;1.012644;1.089464;0.999704;-8.291246;13.984050;1.068656;1.491599;1.000047;-1.623255;17.936165;1.096687;1.187972;
3.399224;1.060250;1.045102;1.011320;1.016831;1.018321;1.069055;1.061410;1.090234;1.056173;1.051098;1.056590;1.054277;1.049702;1.035427;0.999571;231.495190;-15.261294;1.059215;1.428838;0.999569;41.820973;42.746308;1.048760;1.269710;0.999886;7.734806;23.897197;1.012752;1.087302;1.000019;-7.890629;14.004502;1.069055;1.483637;1.000077;-0.976580;17.840712;1.096779;1.186116;
3.399224;1.060250;1.045102;1.011320;1.016831;1.018321;1.069055;1.061410;1.090234;1.056173;1.051098;1.056590;1.054277;1.049702;1.035427;0.999571;231.495190;-15.261294;1.059215;1.428838;0.999569;41.820973;42.746308;1.048760;1.269710;0.999886;7.734806;23.897197;1.012752;1.087302;1.000019;-7.890629;14.004502;1.069055;1.483637;1.000077;-0.976580;17.840712;1.096779;1.186116;
3.399224;1.060250;1.045102;1.011320;1.016831;1.018321;1.069055;1.061410;1.090234;1.056173;1.051098;1.056590;1.054277;1.049702;1.035427;0.999571;231.495190;-15.261294;1.059215;1.428838;0.999569;41.820973;42.746308;1.048760;1.269710;0.999886;7.734806;23.897197;1.012752;1.087302;1.000019;-7.890629;14.004502;1.069055;1.483637;1.000077;-0.976580;17.840712;1.096779;1.186116;
3.399232;1.060250;1.045102;1.011320;1.016831;1.018321;1.069055;1.061410;1.090234;1.056173;1.051098;1.056590;1.054277;1.049702;1.035427;0.999571;231.494916;-15.261314;1.059215;1.428838;0.999569;41.820541;42.746274;1.048760;1.269710;0.999886;7.735141;23.897039;1.012752;1.087302;1.000019;-7.890449;14.004497;1.069055;1.483635;1.000077;-0.976418;17.840685;1.096779;1.186116;
3.399232;1.060250;1.045102;1.011320;1.016831;1.018321;1.069055;1.061410;1.090234;1.056173;1.051098;1.056590;1.054277;1.049702;1.035427;0.999571;231.494916;-15.261314;1.059215;1.428838;0.999569;41.820541;42.746274;1.048760;1.269710;0.999886;7.735141;23.897039;1.012752;1.087302;1.000019;-7.890449;14.004497;1.069055;1.483635;1.000077;-0.976418;17.840685;1.096779;1.186116;
3.399233;1.060250;1.045102;1.011320;1.016831;1.018321;1.069055;1.061410;1.090234;1.056173;1.051098;1.056590;1.054277;1.049702;1.035427;0.999571;231.494886;-15.261325;1.059215;1.428838;0.999569;41.820493;42.746263;1.048760;1.269710;0.999886;7.735182;23.897006;1.012752;1.087302;1.000019;-7.890431;14.004526;1.069055;1.483634;1.000077;-0.976395;17.840684;1.096779;1.186116;
3.399234;1.060250;1.045102;1.011320;1.016831;1.018321;1.069055;1.061410;1.090234;1.056173;1.051098;1.056590;1.054277;1.049702;1.035427;0.999571;231.494852;-15.261328;1.059215;1.428838;0.999569;41.820440;42.746259;1.048760;1.269710;0.999886;7.735223;23.896987;1.012752;1.087302;1.000019;-7.890408;14.004525;1.069055;1.483634;1.000077;-0.976375;17.840681;1.096779;1.186116;
3.399236;1.060250;1.045102;1.011320;1.016831;1.018321;1.069055;1.061410;1.090234;1.056173;1.051098;1.056590;1.054277;1.049702;1.035427;0.999571;231.494787;-15.261337;1.059215;1.428838;0.999569;41.820336;42.746248;1.048760;1.269710;0.999886;7.735305;23.896943;1.012752;1.087302;1.000019;-7.890366;14.004536;1.069055;1.483633;1.000077;-0.976334;17.840676;1.096779;1.186116;
3.399240;1.060250;1.045102;1.011320;1.016831;1.018321;1.069055;1.061410;1.090234;1.056173;1.051098;1.056590;1.054277;1.049702;1.035427;0.999571;231.494651;-15.261343;1.059215;1.428838;0.999569;41.820121;42.746234;1.048760;1.269710;0.999886;7.735469;23.896870;1.012752;1.087301;1.000019;-7.890274;14.004521;1.069055;1.483632;1.000077;-0.976255;17.840661;1.096780;1.186115;
3.399248;1.060250;1.045103;1.011320;1.016832;1.018321;1.069055;1.061410;1.090234;1.056173;1.051098;1.056590;1.054277;1.049703;1.035427;0.999571;231.494382;-15.261363;1.059215;1.428838;0.999569;41.819696;42.746200;1.048761;1.269709;0.999886;7.735797;23.896715;1.012752;1.087301;1.000019;-7.890096;14.004515;1.069055;1.483630;1.000077;-0.976096;17.840635;1.096780;1.186115;
3.399264;1.060250;1.045103;1.011320;1.016832;1.018321;1.069055;1.061410;1.090234;1.056174;1.051098;1.056590;1.054278;1.049703;1.035427;0.999571;231.493844;-15.261403;1.059215;1.428837;0.999569;41.818846;42.746134;1.048761;1.269709;0.999886;7.736453;23.896404;1.012752;1.087300;1.000019;-7.889738;14.004503;1.069055;1.483625;1.000077;-0.975776;17.840582;1.096780;1.186114;
3.399296;1.060250;1.045103;1.011320;1.016832;1.018322;1.069056;1.061410;1.090234;1.056174;1.051098;1.056591;1.054278;1.049703;1.035427;0.999571;231.492768;-15.261484;1.059215;1.428837;0.999569;41.817146;42.746000;1.048761;1.269707;0.999886;7.737764;23.895781;1.012752;1.087298;1.000020;-7.889023;14.004480;1.069056;1.483616;1.000077;-0.975137;17.840477;1.096780;1.186112;
3.399360;1.060250;1.045103;1.011321;1.016833;1.018322;1.069057;1.061411;1.090234;1.056175;1.051099;1.056591;1.054279;1.049704;1.035428;0.999571;231.490616;-15.261645;1.059215;1.428836;0.999569;41.813745;42.745733;1.048761;1.269705;0.999886;7.740387;23.894537;1.012753;1.087294;1.000020;-7.887590;14.004432;1.069057;1.483597;1.000077;-0.973860;17.840266;1.096780;1.186108;
3.399488;1.060250;1.045103;1.011321;1.016834;1.018324;1.069058;1.061412;1.090235;1.056176;1.051101;1.056593;1.054281;1.049706;1.035430;0.999571;231.486311;-15.261967;1.059215;1.428834;0.999569;41.806943;42.745199;1.048761;1.269699;0.999886;7.745628;23.892049;1.012753;1.087285;1.000022;-7.884718;14.004337;1.069058;1.483559;1.000077;-0.971305;17.839843;1.096780;1.186101;
3.399744;1.060251;1.045104;1.011322;1.016838;1.018327;1.069062;1.061414;1.090236;1.056179;1.051103;1.056596;1.054284;1.049709;1.035433;0.999571;231.477696;-15.262613;1.059215;1.428829;0.999569;41.793331;42.744130;1.048762;1.269688;0.999886;7.756096;23.887074;1.012754;1.087269;1.000024;-7.878946;14.004141;1.069062;1.483484;1.000077;-0.966200;17.838998;1.096781;1.186086;
3.400256;1.060251;1.045105;1.011325;1.016844;1.018334;1.069070;1.061419;1.090238;1.056184;1.051109;1.056603;1.054292;1.049716;1.035439;0.999572;231.460450;-15.263911;1.059216;1.428821;0.999569;41.766081;42.741985;1.048763;1.269667;0.999886;7.776977;23.877135;1.012756;1.087236;1.000029;-7.867287;14.003732;1.069070;1.483334;1.000078;-0.956002;17.837306;1.096782;1.186056;
3.401280;1.060252;1.045108;1.011329;1.016856;1.018347;1.069085;1.061429;1.090242;1.056195;1.051120;1.056616;1.054306;1.049731;1.035451;0.999572;231.425885;-15.266532;1.059217;1.428803;0.999569;41.711479;42.737674;1.048765;1.269624;0.999885;7.818518;23.857291;1.012759;1.087171;1.000039;-7.843517;14.002844;1.069085;1.483031;1.000078;-0.935660;17.833913;1.096785;1.185997;
3.403328;1.060255;1.045113;1.011338;1.016882;1.018373;1.069115;1.061449;1.090251;1.056216;1.051143;1.056642;1.054336;1.049759;1.035475;0.999572;231.356475;-15.271865;1.059219;1.428767;0.999569;41.601878;42.728966;1.048769;1.269537;0.999884;7.900715;23.817749;1.012765;1.087041;1.000059;-7.794176;14.000786;1.069115;1.482420;1.000080;-0.895195;17.827094;1.096791;1.185879;
3.407424;1.060259;1.045123;1.011355;1.016933;1.018427;1.069178;1.061488;1.090268;1.056258;1.051188;1.056695;1.054397;1.049817;1.035523;0.999573;231.216559;-15.282894;1.059222;1.428693;0.999569;41.381153;42.711219;1.048778;1.269360;0.999883;8.061564;23.739255;1.012778;1.086786;1.000099;-7.688366;13.995543;1.069178;1.481175;1.000082;-0.815156;17.813327;1.096803;1.185644;
3.415616;1.060270;1.045144;1.011389;1.017039;1.018539;1.069306;1.061568;1.090301;1.056343;1.051278;1.056802;1.054522;1.049937;1.035621;0.999576;230.932561;-15.306317;1.059230;1.428534;0.999570;40.934211;42.674471;1.048796;1.269000;0.999880;8.369082;23.584734;1.012803;1.086293;1.000177;-7.448915;13.980576;1.069306;1.478600;1.000087;-0.658774;17.785337;1.096826;1.185183;
3.432000;1.060292;1.045189;1.011453;1.017262;1.018780;1.069578;1.061727;1.090367;1.056507;1.051456;1.057021;1.054786;1.050186;1.035818;0.999581;230.349929;-15.357914;1.059248;1.428181;0.999572;40.023320;42.596655;1.048833;1.268253;0.999873;8.927699;23.286349;1.012848;1.085383;1.000323;-6.865204;13.933110;1.069578;1.473170;1.000093;-0.361599;17.727974;1.096870;1.184299;
3.464768;1.060343;1.045281;1.011561;1.017739;1.019310;1.070151;1.062041;1.090489;1.056808;1.051790;1.057459;1.055343;1.050701;1.036205;0.999593;229.146164;-15.473998;1.059288;1.427372;0.999579;38.175437;42.430001;1.048911;1.266704;0.999858;9.825890;22.737980;1.012923;1.083879;1.000571;-5.344346;13.773682;1.070151;1.461705;1.000095;0.167567;17.611320;1.096949;1.182726;
3.497536;1.060398;1.045375;1.011643;1.018234;1.019877;1.070728;1.062334;1.090594;1.057062;1.052083;1.057871;1.055904;1.051209;1.036561;0.999608;227.921148;-15.598658;1.059332;1.426491;0.999590;36.348600;42.257935;1.048988;1.265152;0.999842;10.445396;22.261104;1.012977;1.082817;1.000749;-3.452025;13.538114;1.070729;1.450146;1.000086;0.610235;17.496881;1.097012;1.181473;
3.530304;1.060453;1.045462;1.011696;1.018718;1.020443;1.071263;1.062590;1.090676;1.057257;1.052316;1.058230;1.056424;1.051670;1.036863;0.999626;226.721164;-15.720953;1.059376;1.425618;0.999605;34.620477;42.092886;1.049062;1.263689;0.999826;10.810121;21.863567;1.013006;1.082219;1.000844;-1.340678;13.243782;1.071265;1.439420;1.000068;0.971413;17.390682;1.097055;1.180609;
3.563072;1.060502;1.045540;1.011722;1.019163;1.020973;1.071716;1.062798;1.090732;1.057388;1.052481;1.058512;1.056865;1.052051;1.037094;0.999647;225.597915;-15.831523;1.059415;1.424831;0.999624;33.067795;41.946348;1.049126;1.262400;0.999809;10.950459;21.550587;1.013013;1.082092;1.000853;0.821925;12.912973;1.071720;1.430337;1.000041;1.261105;17.297687;1.097076;1.180185;
3.595840;1.060542;1.045603;1.011718;1.019542;1.021432;1.072055;1.062949;1.090757;1.057452;1.052572;1.058701;1.057196;1.052327;1.037243;0.999670;224.604496;-15.923207;1.059447;1.424197;0.999646;31.760162;41.828130;1.049178;1.261360;0.999793;10.900843;21.324545;1.012996;1.082431;1.000777;2.866892;12.569840;1.072060;1.423527;1.000009;1.492387;17.221420;1.097074;1.180227;
3.604012;1.060551;1.045615;1.011713;1.019623;1.021531;1.072119;1.062977;1.090759;1.057459;1.052584;1.058733;1.057259;1.052378;1.037267;0.999676;224.384864;-15.942429;1.059453;1.424071;0.999651;31.481220;41.804219;1.049189;1.261147;0.999788;10.864450;21.281619;1.012988;1.082585;1.000746;3.334275;12.486461;1.072124;1.422244;1.000000;1.543123;17.205325;1.097070;1.180309;
3.604012;1.060552;1.045617;1.011714;1.019627;1.021535;1.072133;1.062981;1.090762;1.057466;1.052591;1.058744;1.057273;1.052391;1.037277;0.999676;224.385688;-15.944195;1.059454;1.424060;0.999651;31.481810;41.802155;1.049190;1.261129;0.999788;10.864417;21.279867;1.012988;1.082578;1.000746;3.334685;12.493837;1.072129;1.422142;1.000000;1.543249;17.204131;1.097071;1.180285;
3.604013;1.060551;1.045616;1.011713;1.019625;1.021533;1.072127;1.062979;1.090761;1.057463;1.052588;1.058739;1.057267;1.052385;1.037272;0.999676;224.385139;-15.943460;1.059454;1.424066;0.999651;31.481392;41.802934;1.049189;1.261140;0.999788;10.864358;21.280658;1.012988;1.082582;1.000746;3.334899;12.490507;1.072127;1.422196;1.000000;1.543168;17.204790;1.097070;1.180299;
3.604014;1.060551;1.045616;1.011713;1.019625;1.021533;1.072127;1.062979;1.090761;1.057463;1.052588;1.058739;1.057267;1.052385;1.037272;0.999676;224.385112;-15.943463;1.059454;1.424066;0.999651;31.481359;41.802931;1.049189;1.261140;0.999788;10.864352;21.280653;1.012988;1.082582;1.000746;3.334958;12.490497;1.072127;1.422196;1.000000;1.543174;17.204788;1.097070;1.180299;
3.604016;1.060551;1.045616;1.011713;1.019625;1.021533;1.072127;1.062979;1.090761;1.057463;1.052588;1.058739;1.057267;1.052385;1.037273;0.999676;224.385090;-15.943512;1.059454;1.424066;0.999651;31.481315;41.802877;1.049189;1.261139;0.999788;10.864344;21.280594;1.012988;1.082582;1.000746;3.335065;12.490679;1.072127;1.422192;1.000000;1.543191;17.204744;1.097070;1.180298;
3.604020;1.060551;1.045616;1.011713;1.019625;1.021533;1.072127;1.062979;1.090761;1.057463;1.052588;1.058739;1.057267;1.052385;1.037272;0.999676;224.384951;-15.943477;1.059454;1.424066;0.999651;31.481156;41.802913;1.049189;1.261139;0.999788;10.864319;21.280623;1.012988;1.082582;1.000746;3.335308;12.490434;1.072127;1.422195;1.000000;1.543209;17.204776;1.097070;1.180299;
3.604028;1.060551;1.045616;1.011713;1.019625;1.021533;1.072127;1.062979;1.090761;1.057463;1.052588;1.058739;1.057267;1.052385;1.037272;0.999676;224.384735;-15.943496;1.059454;1.424066;0.999651;31.480886;41.802890;1.049189;1.261139;0.999788;10.864274;21.280584;1.012988;1.082582;1.000746;3.335775;12.490350;1.072127;1.422193;1.000000;1.543256;17.204761;1.097070;1.180299;
3.604044;1.060551;1.045616;1.011713;1.019625;1.021533;1.072127;1.062979;1.090761;1.057463;1.052588;1.058739;1.057267;1.052385;1.037272;0.999676;224.384305;-15.943533;1.059454;1.424066;0.999651;31.480345;41.802843;1.049189;1.261139;0.999788;10.864185;21.280505;1.012988;1.082582;1.000746;3.336709;12.490183;1.072127;1.422191;1.000000;1.543349;17.204730;1.097070;1.180299;
3.604076;1.060551;1.045616;1.011713;1.019626;1.021534;1.072127;1.062980;1.090761;1.057463;1.052588;1.058739;1.057267;1.052385;1.037273;0.999676;224.383444;-15.943609;1.059454;1.424065;0.999651;31.479264;41.802749;1.049189;1.261138;0.999788;10.864007;21.280347;1.012988;1.082583;1.000746;3.338576;12.489847;1.072127;1.422186;1.000000;1.543536;17.204668;1.097070;1.180300;
3.604083;1.060551;1.045616;1.011713;1.019626;1.021534;1.072127;1.062980;1.090761;1.057463;1.052588;1.058739;1.057267;1.052385;1.037273;0.999676;224.383255;-15.943625;1.059454;1.424065;0.999651;31.479027;41.802728;1.049189;1.261138;0.999788;10.863968;21.280312;1.012988;1.082583;1.000746;3.338987;12.489774;1.072127;1.422185;1.000000;1.543577;17.204654;1.097070;1.180300;
3.604083;1.060551;1.045616;1.011713;1.019626;1.021534;1.072127;1.062980;1.090761;1.057463;1.052588;1.058739;1.057267;1.052385;1.037273;0.999676;224.383255;-15.943625;1.059454;1.424065;0.999651;31.479027;41.802728;1.049189;1.261138;0.999788;10.863968;21.280312;1.012988;1.082583;1.000746;3.338987;12.489774;1.072127;1.422185;1.000000;1.543577;17.204654;1.097070;1.180300;
3.604083;1.060551;1.045616;1.011713;1.019626;1.021534;1.072127;1.062980;1.090761;1.057463;1.052588;1.058739;1.057267;1.052385;1.037273;0.999676;224.383255;-15.943625;1.059454;1.424065;0.999651;31.479027;41.802728;1.049189;1.261138;0.999788;10.863968;21.280312;1.012988;1.082583;1.000746;3.338987;12.489774;1.072127;1.422185;1.000000;1.543577;17.204654;1.097070;1.180300;
3.604140;1.060551;1.045616;1.011713;1.019626;1.021535;1.072128;1.062980;1.090761;1.057463;1.052588;1.058739;1.057268;1.052386;1.037273;0.999676;224.381724;-15.943760;1.059454;1.424064;0.999651;31.477104;41.802562;1.049189;1.261136;0.999788;10.863650;21.280031;1.012988;1.082584;1.000746;3.342310;12.489177;1.072128;1.422176;1.000000;1.543909;17.204543;1.097070;1.180300;
3.604268;1.060551;1.045616;1.011713;1.019628;1.021536;1.072129;1.062980;1.090761;1.057463;1.052588;1.058740;1.057269;1.052386;1.037273;0.999676;224.378285;-15.944061;1.059454;1.424062;0.999652;31.472787;41.802187;1.049189;1.261133;0.999788;10.862935;21.279401;1.012988;1.082587;1.000745;3.349774;12.487837;1.072129;1.422156;1.000000;1.544656;17.204295;1.097070;1.180302;
3.604524;1.060551;1.045617;1.011713;1.019630;1.021539;1.072131;1.062981;1.090761;1.057463;1.052589;1.058741;1.057271;1.052388;1.037274;0.999676;224.371415;-15.944662;1.059454;1.424058;0.999652;31.464167;41.801441;1.049190;1.261126;0.999788;10.861499;21.278146;1.012988;1.082592;1.000744;3.364688;12.485157;1.072131;1.422117;0.999999;1.546146;17.203798;1.097070;1.180305;
3.605036;1.060552;1.045618;1.011712;1.019635;1.021546;1.072135;1.062983;1.090761;1.057463;1.052589;1.058743;1.057275;1.052391;1.037275;0.999676;224.357713;-15.945860;1.059454;1.424050;0.999652;31.446988;41.799955;1.049190;1.261113;0.999788;10.858599;21.275650;1.012987;1.082603;1.000742;3.394454;12.479800;1.072135;1.422039;0.999999;1.549120;17.202810;1.097070;1.180311;
3.606060;1.060553;1.045619;1.011712;1.019645;1.021558;1.072142;1.062986;1.090761;1.057464;1.052590;1.058746;1.057282;1.052397;1.037278;0.999677;224.330452;-15.948237;1.059455;1.424035;0.999653;31.412870;41.797011;1.049192;1.261087;0.999787;10.852695;21.270722;1.012986;1.082625;1.000738;3.453745;12.469100;1.072142;1.421885;0.999998;1.555038;17.200847;1.097069;1.180323;
3.608108;1.060555;1.045622;1.011710;1.019665;1.021582;1.072157;1.062992;1.090761;1.057464;1.052592;1.058753;1.057297;1.052409;1.037283;0.999679;224.276517;-15.952914;1.059457;1.424004;0.999654;31.345601;41.791240;1.049194;1.261036;0.999786;10.840470;21.261124;1.012984;1.082670;1.000729;3.571336;12.447753;1.072157;1.421585;0.999995;1.566759;17.196983;1.097068;1.180350;
3.612204;1.060559;1.045628;1.011706;1.019704;1.021630;1.072185;1.063004;1.090761;1.057465;1.052596;1.058766;1.057325;1.052430;1.037292;0.999682;224.171041;-15.961958;1.059460;1.423946;0.999657;31.214974;41.780167;1.049199;1.260938;0.999784;10.814395;21.242952;1.012979;1.082766;1.000710;3.802407;12.405309;1.072185;1.421020;0.999991;1.589756;17.189495;1.097065;1.180408;
3.620396;1.060565;1.045639;1.011698;1.019776;1.021719;1.072235;1.063025;1.090759;1.057464;1.052599;1.058787;1.057373;1.052468;1.037306;0.999688;223.970044;-15.978793;1.059465;1.423841;0.999664;30.969721;41.759936;1.049208;1.260758;0.999780;10.756039;21.210674;1.012969;1.082977;1.000668;4.246964;12.321632;1.072235;1.420031;0.999981;1.634108;17.175482;1.097058;1.180546;
3.636780;1.060576;1.045657;1.011675;1.019902;1.021876;1.072306;1.063055;1.090750;1.057452;1.052592;1.058809;1.057444;1.052518;1.037318;0.999701;223.610714;-16.007401;1.059473;1.423679;0.999676;30.545607;41.727399;1.049223;1.260462;0.999772;10.616793;21.162095;1.012943;1.083479;1.000573;5.057383;12.160795;1.072306;1.418616;0.999962;1.717226;17.151292;1.097040;1.180905;
3.669548;1.060586;1.045676;1.011613;1.020074;1.022093;1.072337;1.063070;1.090711;1.057393;1.052536;1.058780;1.057478;1.052523;1.037284;0.999727;223.081223;-16.044746;1.059479;1.423550;0.999702;29.974769;41.695256;1.049239;1.260140;0.999757;10.264660;21.125974;1.012878;1.084779;1.000341;6.311719;11.876850;1.072337;1.417985;0.999920;1.867172;17.117778;1.096989;1.181930;
3.702316;1.060581;1.045673;1.011527;1.020137;1.022179;1.072231;1.063028;1.090646;1.057296;1.052430;1.058667;1.057379;1.052413;1.037180;0.999754;222.821905;-16.057394;1.059473;1.423685;0.999729;29.779526;41.707112;1.049237;1.260175;0.999743;9.832952;21.166615;1.012795;1.086438;1.000071;7.031302;11.655481;1.072231;1.420105;0.999877;2.000523;17.102882;1.096919;1.183322;
3.708599;1.060578;1.045670;1.011509;1.020137;1.022181;1.072199;1.063016;1.090632;1.057275;1.052407;1.058638;1.057349;1.052382;1.037155;0.999760;222.804427;-16.057689;1.059470;1.423738;0.999734;29.781727;41.714092;1.049235;1.260218;0.999740;9.744666;21.181797;1.012778;1.086787;1.000019;7.106882;11.622406;1.072199;1.420750;0.999869;2.024161;17.101801;1.096904;1.183618;
3.708599;1.060578;1.045670;1.011509;1.020137;1.022181;1.072199;1.063016;1.090632;1.057275;1.052407;1.058638;1.057349;1.052382;1.037155;0.999760;222.804427;-16.057689;1.059470;1.423738;0.999734;29.781727;41.714092;1.049235;1.260218;0.999740;9.744666;21.181797;1.012778;1.086787;1.000019;7.106882;11.622406;1.072199;1.420750;0.999869;2.024161;17.101801;1.096904;1.183618;
3.708600;1.060578;1.045670;1.011509;1.020137;1.022181;1.072199;1.063015;1.090632;1.057275;1.052407;1.058638;1.057348;1.052382;1.037155;0.999760;222.804429;-16.057682;1.059470;1.423738;0.999734;29.781729;41.714099;1.049235;1.260218;0.999740;9.744650;21.181810;1.012778;1.086787;1.000019;7.106890;11.622392;1.072199;1.420750;0.999869;2.024162;17.101786;1.096904;1.183618;
3.708601;1.060578;1.045670;1.011509;1.020137;1.022181;1.072199;1.063015;1.090632;1.057275;1.052407;1.058638;1.057348;1.052382;1.037155;0.999760;222.804427;-16.057682;1.059470;1.423738;0.999734;29.781731;41.714100;1.049235;1.260218;0.999740;9.744636;21.181813;1.012778;1.086787;1.000019;7.106901;11.622387;1.072199;1.420750;0.999869;2.024165;17.101786;1.096904;1.183618;
3.708603;1.060578;1.045670;1.011509;1.020137;1.022181;1.072199;1.063015;1.090632;1.057275;1.052407;1.058638;1.057348;1.052382;1.037155;0.999760;222.804425;-16.057679;1.059470;1.423738;0.999734;29.781735;41.714106;1.049235;1.260218;0.999740;9.744606;21.181823;1.012778;1.086788;1.000019;7.106920;11.622373;1.072199;1.420750;0.999869;2.024172;17.101779;1.096904;1.183618;
3.708607;1.060578;1.045670;1.011509;1.020137;1.022181;1.072199;1.063015;1.090632;1.057275;1.052407;1.058638;1.057348;1.052382;1.037155;0.999760;222.804414;-16.057681;1.059470;1.423738;0.999734;29.781742;41.714108;1.049235;1.260218;0.999740;9.744547;21.181830;1.012778;1.086788;1.000019;7.106964;11.622355;1.072199;1.420751;0.999869;2.024188;17.101785;1.096904;1.183618;
3.708608;1.060578;1.045670;1.011509;1.020137;1.022181;1.072199;1.063015;1.090632;1.057275;1.052407;1.058638;1.057348;1.052382;1.037155;0.999760;222.804412;-16.057682;1.059470;1.423738;0.999734;29.781744;41.714109;1.049235;1.260218;0.999740;9.744533;21.181832;1.012778;1.086788;1.000019;7.106974;11.622350;1.072199;1.420751;0.999869;2.024192;17.101786;1.096904;1.183618;
3.708608;1.060578;1.045670;1.011509;1.020137;1.022181;1.072199;1.063015;1.090632;1.057275;1.052407;1.058638;1.057348;1.052382;1.037155;0.999760;222.804412;-16.057682;1.059470;1.423738;0.999734;29.781744;41.714109;1.049235;1.260218;0.999740;9.744533;21.181832;1.012778;1.086788;1.000019;7.106974;11.622350;1.072199;1.420751;0.999869;2.024192;17.101786;1.096904;1.183618;
3.708608;1.060578;1.045670;1.011509;1.020137;1.022181;1.072199;1.063015;1.090632;1.057275;1.052407;1.058638;1.057348;1.052382;1.037155;0.999760;222.804412;-16.057682;1.059470;1.423738;0.999734;29.781744;41.714109;1.049235;1.260218;0.999740;9.744533;21.181832;1.012778;1.086788;1.000019;7.106974;11.622350;1.072199;1.420751;0.999869;2.024192;17.101786;1.096904;1.183618;
3.708615;1.060578;1.045670;1.011509;1.020137;1.022181;1.072199;1.063015;1.090632;1.057275;1.052407;1.058638;1.057348;1.052382;1.037155;0.999760;222.804397;-16.057681;1.059470;1.423738;0.999734;29.781758;41.714118;1.049235;1.260218;0.999740;9.744429;21.181852;1.012778;1.086788;1.000019;7.107048;11.622312;1.072199;1.420752;0.999869;2.024218;17.101785;1.096904;1.183619;
3.708631;1.060578;1.045670;1.011509;1.020137;1.022181;1.072199;1.063015;1.090632;1.057275;1.052407;1.058638;1.057348;1.052382;1.037155;0.999760;222.804363;-16.057679;1.059470;1.423738;0.999734;29.781788;41.714139;1.049235;1.260219;0.999740;9.744194;21.181897;1.012778;1.086789;1.000019;7.107216;11.622226;1.072199;1.420754;0.999869;2.024277;17.101783;1.096904;1.183620;
3.708663;1.060578;1.045670;1.011508;1.020137;1.022181;1.072199;1.063015;1.090632;1.057275;1.052407;1.058638;1.057348;1.052382;1.037155;0.999760;222.804295;-16.057676;1.059470;1.423738;0.999734;29.781850;41.714179;1.049235;1.260219;0.999740;9.743722;21.181987;1.012778;1.086791;1.000018;7.107552;11.622054;1.072199;1.420758;0.999868;2.024397;17.101781;1.096904;1.183621;
3.708727;1.060578;1.045670;1.011508;1.020137;1.022181;1.072198;1.063015;1.090632;1.057275;1.052406;1.058638;1.057348;1.052381;1.037155;0.999760;222.804161;-16.057669;1.059470;1.423739;0.999734;29.781975;41.714261;1.049235;1.260219;0.999740;9.742779;21.182167;1.012778;1.086795;1.000018;7.108223;11.621710;1.072198;1.420765;0.999868;2.024635;17.101776;1.096904;1.183624;
3.708855;1.060578;1.045670;1.011508;1.020137;1.022181;1.072197;1.063015;1.090631;1.057274;1.052406;1.058637;1.057347;1.052380;1.037154;0.999760;222.803894;-16.057655;1.059470;1.423740;0.999734;29.782228;41.714424;1.049235;1.260221;0.999740;9.740892;21.182528;1.012777;1.086802;1.000017;7.109557;11.621024;1.072197;1.420781;0.999868;2.025112;17.101766;1.096904;1.183631;
3.709111;1.060578;1.045670;1.011507;1.020137;1.022181;1.072196;1.063014;1.090631;1.057273;1.052405;1.058636;1.057346;1.052379;1.037153;0.999760;222.803375;-16.057627;1.059470;1.423743;0.999734;29.782753;41.714753;1.049235;1.260223;0.999740;9.737116;21.183254;1.012777;1.086817;1.000014;7.112197;11.619656;1.072196;1.420812;0.999868;2.026066;17.101748;1.096903;1.183643;
3.709623;1.060578;1.045670;1.011506;1.020137;1.022181;1.072193;1.063013;1.090629;1.057271;1.052403;1.058633;1.057343;1.052376;1.037151;0.999760;222.802391;-16.057566;1.059470;1.423748;0.999735;29.783871;41.715418;1.049235;1.260227;0.999740;9.729556;21.184718;1.012775;1.086847;1.000010;7.117367;11.616936;1.072193;1.420874;0.999867;2.027972;17.101713;1.096902;1.183669;
3.710647;1.060577;1.045669;1.011502;1.020137;1.022181;1.072186;1.063011;1.090627;1.057268;1.052398;1.058628;1.057337;1.052370;1.037146;0.999761;222.800640;-16.057429;1.059469;1.423758;0.999736;29.786388;41.716782;1.049234;1.260236;0.999739;9.714398;21.187696;1.012772;1.086906;1.000001;7.127267;11.611558;1.072186;1.421001;0.999866;2.031778;17.101657;1.096899;1.183720;
3.712695;1.060576;1.045668;1.011496;1.020135;1.022180;1.072173;1.063005;1.090622;1.057260;1.052390;1.058617;1.057324;1.052358;1.037136;0.999763;222.798011;-16.057091;1.059468;1.423779;0.999737;29.792534;41.719638;1.049233;1.260256;0.999738;9.683940;21.193854;1.012766;1.087027;0.999982;7.145303;11.601052;1.072173;1.421261;0.999863;2.039362;17.101592;1.096894;1.183824;
3.716791;1.060574;1.045665;1.011483;1.020131;1.022176;1.072146;1.062994;1.090611;1.057245;1.052372;1.058594;1.057298;1.052332;1.037117;0.999766;222.796246;-16.056165;1.059466;1.423824;0.999741;29.809255;41.725866;1.049231;1.260298;0.999737;9.622472;21.206969;1.012754;1.087271;0.999946;7.174327;11.581051;1.072146;1.421809;0.999857;2.054419;17.101654;1.096884;1.184034;
3.724983;1.060568;1.045659;1.011456;1.020118;1.022163;1.072086;1.062970;1.090589;1.057213;1.052335;1.058546;1.057241;1.052277;1.037075;0.999773;222.806706;-16.053344;1.059461;1.423927;0.999747;29.860199;41.740370;1.049226;1.260400;0.999733;9.497449;21.236338;1.012729;1.087772;0.999872;7.204297;11.545162;1.072086;1.423010;0.999846;2.084062;17.102527;1.096862;1.184468;
3.741367;1.060555;1.045642;1.011399;1.020073;1.022112;1.071946;1.062914;1.090541;1.057146;1.052257;1.058439;1.057108;1.052150;1.036984;0.999787;222.883378;-16.044098;1.059448;1.424179;0.999761;30.029993;41.777408;1.049213;1.260667;0.999727;9.239880;21.307178;1.012676;1.088825;0.999726;7.153851;11.490209;1.071946;1.425804;0.999823;2.141112;17.107137;1.096816;1.185382;
3.774135;1.060518;1.045595;1.011274;1.019909;1.021921;1.071603;1.062774;1.090434;1.057005;1.052088;1.058191;1.056778;1.051845;1.036776;0.999813;223.252849;-16.013657;1.059414;1.424855;0.999786;30.618551;41.881718;1.049174;1.261434;0.999715;8.698809;21.493554;1.012562;1.091106;0.999452;6.642109;11.448204;1.071603;1.432679;0.999776;2.241493;17.126725;1.096717;1.187364;
3.839671;1.060417;1.045454;1.010990;1.019356;1.021273;1.070775;1.062410;1.090193;1.056704;1.051723;1.057629;1.055980;1.051127;1.036309;0.999859;224.732434;-15.926166;1.059321;1.426709;0.999828;32.548886;42.188993;1.049061;1.263707;0.999694;7.515698;22.015421;1.012309;1.096158;0.999039;4.394084;11.606916;1.070775;1.449228;0.999682;2.332652;17.198859;1.096504;1.191633;
3.898654;1.060305;1.045288;1.010706;1.018677;1.020479;1.069978;1.062018;1.089961;1.056419;1.051381;1.057100;1.055205;1.050442;1.035865;0.999891;226.739380;-15.834984;1.059219;1.428763;0.999858;34.875174;42.554203;1.048927;1.266382;0.999679;6.321424;22.627855;1.012063;1.101082;0.998866;1.481456;11.975494;1.069978;1.465176;0.999603;2.233574;17.294369;1.096308;1.195541;
3.957636;1.060190;1.045106;1.010413;1.017939;1.019636;1.069280;1.061609;1.089742;1.056129;1.051052;1.056623;1.054522;1.049840;1.035452;0.999913;229.111465;-15.760750;1.059113;1.430884;0.999876;37.374182;42.960103;1.048781;1.269295;0.999669;4.973720;23.332894;1.011813;1.106093;0.998904;-1.526205;12.463436;1.069280;1.479128;0.999537;1.897001;17.406968;1.096132;1.199071;
4.010720;1.060099;1.044948;1.010153;1.017318;1.018949;1.068839;1.061268;1.089577;1.055880;1.050791;1.056296;1.054084;1.049451;1.035151;0.999924;231.333543;-15.731145;1.059026;1.432609;0.999884;39.499855;43.320914;1.048655;1.271810;0.999664;3.605839;24.011178;1.011594;1.110472;0.999102;-3.780378;12.920549;1.068840;1.487931;0.999497;1.365737;17.512425;1.096006;1.201576;
4.063804;1.060029;1.044813;1.009909;1.016814;1.018425;1.068618;1.060980;1.089455;1.055648;1.050571;1.056086;1.053857;1.049240;1.034933;0.999926;233.404511;-15.752268;1.058959;1.433964;0.999886;41.279923;43.640347;1.048549;1.273941;0.999663;2.088521;24.693806;1.011391;1.114525;0.999401;-5.186002;13.295113;1.068635;1.492027;0.999483;0.643420;17.611580;1.095926;1.203182;
4.116889;1.059992;1.044717;1.009691;1.016487;1.018128;1.068692;1.060788;1.089398;1.055475;1.050441;1.056054;1.053914;1.049276;1.034852;0.999920;235.189255;-15.838224;1.058918;1.434782;0.999881;42.612739;43.883632;1.048474;1.275431;0.999667;0.441166;25.345540;1.011214;1.118076;0.999747;-5.584922;13.569698;1.068705;1.490621;0.999499;-0.215389;17.693776;1.095902;1.203659;
4.160432;1.059987;1.044671;1.009539;1.016360;1.018061;1.068934;1.060707;1.089400;1.055377;1.050393;1.056138;1.054138;1.049459;1.034874;0.999911;236.357419;-15.952103;1.058905;1.435033;0.999874;43.338671;44.017796;1.048440;1.276115;0.999673;-0.969746;25.839504;1.011091;1.120534;1.000019;-5.164616;13.690185;1.068938;1.485963;0.999535;-0.951969;17.746207;1.095924;1.203228;
4.160432;1.059987;1.044671;1.009539;1.016360;1.018061;1.068934;1.060707;1.089400;1.055377;1.050393;1.056138;1.054138;1.049459;1.034874;0.999911;236.357419;-15.952103;1.058905;1.435033;0.999874;43.338671;44.017796;1.048440;1.276115;0.999673;-0.969746;25.839504;1.011091;1.120534;1.000019;-5.164616;13.690185;1.068938;1.485963;0.999535;-0.951969;17.746207;1.095924;1.203228;
4.160432;1.059987;1.044671;1.009539;1.016360;1.018061;1.068934;1.060707;1.089400;1.055377;1.050393;1.056138;1.054138;1.049459;1.034874;0.999911;236.357419;-15.952103;1.058905;1.435033;0.999874;43.338671;44.017796;1.048440;1.276115;0.999673;-0.969746;25.839504;1.011091;1.120534;1.000019;-5.164616;13.690185;1.068938;1.485963;0.999535;-0.951969;17.746207;1.095924;1.203228;
4.160445;1.059987;1.044671;1.009539;1.016360;1.018061;1.068934;1.060707;1.089400;1.055377;1.050393;1.056138;1.054138;1.049459;1.034874;0.999911;236.357730;-15.952144;1.058905;1.435033;0.999874;43.338840;44.017828;1.048440;1.276116;0.999673;-0.970178;25.839647;1.011091;1.120535;1.000019;-5.164388;13.690207;1.068938;1.485961;0.999535;-0.952195;17.746220;1.095924;1.203228;
4.160445;1.059989;1.044673;1.009540;1.016363;1.018064;1.068939;1.060713;1.089409;1.055382;1.050398;1.056143;1.054143;1.049464;1.034879;0.999911;236.358432;-15.952272;1.058906;1.435019;0.999874;43.338652;44.016031;1.048441;1.276097;0.999673;-0.970637;25.838792;1.011091;1.120529;1.000019;-5.163416;13.691125;1.068939;1.485940;0.999535;-0.952088;17.748398;1.095925;1.203208;
4.160446;1.059988;1.044672;1.009540;1.016363;1.018064;1.068939;1.060712;1.089408;1.055381;1.050398;1.056142;1.054143;1.049464;1.034879;0.999911;236.358291;-15.952359;1.058906;1.435022;0.999874;43.338652;44.015911;1.048441;1.276101;0.999673;-0.970481;25.839091;1.011091;1.120528;1.000019;-5.163328;13.691227;1.068939;1.485944;0.999535;-0.952153;17.748136;1.095925;1.203204;
4.160447;1.059988;1.044672;1.009540;1.016363;1.018064;1.068939;1.060712;1.089408;1.055381;1.050398;1.056142;1.054143;1.049464;1.034879;0.999911;236.358315;-15.952362;1.058906;1.435022;0.999874;43.338665;44.015913;1.048441;1.276101;0.999673;-0.970514;25.839102;1.011091;1.120528;1.000019;-5.163310;13.691228;1.068939;1.485943;0.999535;-0.952170;17.748138;1.095925;1.203204;
4.160449;1.059988;1.044672;1.009540;1.016363;1.018064;1.068939;1.060712;1.089408;1.055381;1.050398;1.056142;1.054143;1.049464;1.034879;0.999911;236.358373;-15.952363;1.058906;1.435022;0.999874;43.338691;44.015926;1.048441;1.276101;0.999673;-0.970592;25.839107;1.011091;1.120528;1.000019;-5.163278;13.691226;1.068939;1.485943;0.999535;-0.952203;17.748156;1.095925;1.203204;
4.160453;1.059988;1.044672;1.009540;1.016363;1.018064;1.068939;1.060712;1.089408;1.055381;1.050398;1.056142;1.054143;1.049464;1.034879;0.999911;236.358460;-15.952381;1.058906;1.435022;0.999874;43.338742;44.015928;1.048441;1.276101;0.999673;-0.970714;25.839169;1.011091;1.120528;1.000019;-5.163202;13.691238;1.068939;1.485942;0.999535;-0.952278;17.748144;1.095925;1.203204;
4.160461;1.059988;1.044672;1.009540;1.016363;1.018064;1.068939;1.060712;1.089408;1.055381;1.050398;1.056142;1.054143;1.049464;1.034879;0.999911;236.358654;-15.952406;1.058906;1.435022;0.999874;43.338845;44.015948;1.048441;1.276101;0.999673;-0.970982;25.839258;1.011091;1.120529;1.000019;-5.163059;13.691251;1.068939;1.485941;0.999535;-0.952421;17.748153;1.095925;1.203204;
4.160477;1.059988;1.044672;1.009540;1.016363;1.018064;1.068939;1.060712;1.089408;1.055381;1.050398;1.056142;1.054143;1.049464;1.034879;0.999911;236.359042;-15.952455;1.058906;1.435022;0.999874;43.339052;44.015988;1.048441;1.276101;0.999673;-0.971516;25.839435;1.011091;1.120529;1.000019;-5.162772;13.691276;1.068939;1.485939;0.999535;-0.952707;17.748171;1.095925;1.203203;
4.160509;1.059988;1.044672;1.009540;1.016363;1.018064;1.068940;1.060712;1.089408;1.055381;1.050398;1.056143;1.054143;1.049464;1.034879;0.999911;236.359817;-15.952555;1.058906;1.435022;0.999874;43.339464;44.016067;1.048441;1.276102;0.999673;-0.972585;25.839790;1.011091;1.120531;1.000019;-5.162197;13.691327;1.068940;1.485934;0.999535;-0.953279;17.748206;1.095925;1.203203;
4.160573;1.059988;1.044672;1.009539;1.016363;1.018064;1.068940;1.060712;1.089408;1.055381;1.050398;1.056143;1.054143;1.049464;1.034879;0.999911;236.361367;-15.952753;1.058906;1.435023;0.999874;43.340288;44.016226;1.048441;1.276102;0.999673;-0.974722;25.840500;1.011091;1.120534;1.000020;-5.161048;13.691428;1.068940;1.485925;0.999535;-0.954423;17.748277;1.095925;1.203202;
4.160701;1.059988;1.044672;1.009539;1.016362;1.018064;1.068941;1.060712;1.089409;1.055381;1.050397;1.056143;1.054144;1.049465;1.034879;0.999911;236.364464;-15.953150;1.058906;1.435023;0.999874;43.341935;44.016542;1.048441;1.276104;0.999673;-0.978997;25.841919;1.011090;1.120541;1.000021;-5.158743;13.691630;1.068941;1.485906;0.999535;-0.956712;17.748418;1.095925;1.203199;
4.160957;1.059988;1.044672;1.009538;1.016362;1.018064;1.068943;1.060711;1.089409;1.055380;1.050397;1.056144;1.054146;1.049467;1.034879;0.999911;236.370649;-15.953946;1.058906;1.435023;0.999874;43.345218;44.017174;1.048441;1.276106;0.999673;-0.987548;25.844757;1.011090;1.120555;1.000022;-5.154117;13.692031;1.068943;1.485867;0.999536;-0.961288;17.748700;1.095926;1.203194;
4.161469;1.059989;1.044672;1.009536;1.016361;1.018064;1.068947;1.060711;1.089409;1.055379;1.050397;1.056145;1.054150;1.049470;1.034880;0.999910;236.382986;-15.955541;1.058906;1.435024;0.999874;43.351746;44.018431;1.048440;1.276112;0.999673;-1.004652;25.850427;1.011088;1.120581;1.000026;-5.144791;13.692820;1.068947;1.485791;0.999536;-0.970439;17.749264;1.095926;1.203185;
4.162493;1.059989;1.044671;1.009533;1.016360;1.018065;1.068955;1.060710;1.089410;1.055377;1.050396;1.056149;1.054157;1.049475;1.034881;0.999910;236.407517;-15.958745;1.058906;1.435025;0.999874;43.364649;44.020918;1.048440;1.276122;0.999673;-1.038874;25.861746;1.011086;1.120634;1.000032;-5.125849;13.694346;1.068955;1.485637;0.999537;-0.988732;17.750383;1.095927;1.203165;
4.164541;1.059989;1.044670;1.009526;1.016357;1.018066;1.068970;1.060707;1.089411;1.055373;1.050395;1.056155;1.054171;1.049488;1.034884;0.999910;236.456017;-15.965212;1.058906;1.435027;0.999874;43.389846;44.025782;1.048439;1.276142;0.999674;-1.107364;25.884302;1.011080;1.120740;1.000045;-5.086811;13.697195;1.068970;1.485324;0.999540;-1.025280;17.752599;1.095929;1.203125;
4.168637;1.059990;1.044667;1.009513;1.016353;1.018069;1.069002;1.060703;1.089413;1.055366;1.050393;1.056168;1.054202;1.049512;1.034890;0.999909;236.550752;-15.978373;1.058906;1.435028;0.999873;43.437819;44.035072;1.048437;1.276178;0.999675;-1.244511;25.929079;1.011070;1.120948;1.000071;-5.004185;13.702077;1.069002;1.484681;0.999544;-1.098190;17.756931;1.095933;1.203039;
4.176829;1.059992;1.044662;1.009488;1.016348;1.018080;1.069070;1.060697;1.089420;1.055351;1.050390;1.056196;1.054265;1.049565;1.034904;0.999906;236.731096;-16.005559;1.058906;1.435019;0.999871;43.524207;44.051914;1.048434;1.276237;0.999676;-1.519303;26.017263;1.011050;1.121352;1.000122;-4.821258;13.708604;1.069070;1.483333;0.999554;-1.242990;17.765201;1.095943;1.202849;
4.193213;1.059999;1.044657;1.009440;1.016352;1.018118;1.069216;1.060691;1.089437;1.055326;1.050389;1.056260;1.054402;1.049678;1.034938;0.999901;237.055032;-16.062998;1.058909;1.434963;0.999868;43.660072;44.078805;1.048431;1.276299;0.999680;-2.069364;26.187921;1.011012;1.122109;1.000216;-4.389693;13.708965;1.069216;1.480413;0.999577;-1.526286;17.780167;1.095965;1.202396;
4.225981;1.060020;1.044658;1.009355;1.016410;1.018251;1.069537;1.060706;1.089486;1.055290;1.050400;1.056405;1.054707;1.049931;1.035023;0.999890;237.557555;-16.186592;1.058921;1.434714;0.999861;43.798072;44.107407;1.048435;1.276225;0.999689;-3.157863;26.504826;1.010947;1.123413;1.000372;-3.312011;13.662565;1.069537;1.473986;0.999630;-2.049738;17.803968;1.096023;1.201243;
4.258749;1.060050;1.044674;1.009287;1.016525;1.018447;1.069877;1.060750;1.089552;1.055271;1.050426;1.056566;1.055030;1.050198;1.035123;0.999879;237.872638;-16.316706;1.058941;1.434313;0.999854;43.779252;44.105955;1.048450;1.275915;0.999699;-4.211924;26.787529;1.010895;1.124440;1.000480;-2.019087;13.559713;1.069877;1.467193;0.999693;-2.493102;17.819960;1.096095;1.199815;
4.324285;1.060120;1.044733;1.009198;1.016856;1.018919;1.070480;1.060900;1.089711;1.055284;1.050507;1.056864;1.055610;1.050678;1.035327;0.999855;238.032068;-16.561685;1.058992;1.433301;0.999841;43.452652;44.041618;1.048504;1.274840;0.999725;-6.071474;27.238969;1.010834;1.125671;1.000531;0.652606;13.252691;1.070480;1.455131;0.999833;-3.003843;17.830146;1.096256;1.196583;
4.380144;1.060180;1.044804;1.009172;1.017194;1.019341;1.070850;1.061074;1.089859;1.055348;1.050600;1.057067;1.055970;1.050978;1.035484;0.999835;237.756390;-16.735070;1.059038;1.432372;0.999832;42.991847;43.941849;1.048565;1.273618;0.999751;-7.304455;27.497424;1.010824;1.125872;1.000416;2.668355;12.935290;1.070850;1.447736;0.999955;-2.989078;17.816543;1.096399;1.193733;
4.402624;1.060201;1.044833;1.009174;1.017324;1.019490;1.070943;1.061148;1.089915;1.055387;1.050642;1.057126;1.056063;1.051056;1.035537;0.999828;237.577503;-16.789349;1.059055;1.432040;0.999828;42.805650;43.897949;1.048590;1.273115;0.999762;-7.676021;27.566760;1.010830;1.125747;1.000340;3.286417;12.814353;1.070944;1.445854;1.000000;-2.859411;17.805649;1.096451;1.192688;
4.402624;1.060201;1.044833;1.009174;1.017324;1.019490;1.070943;1.061148;1.089915;1.055387;1.050642;1.057126;1.056063;1.051056;1.035537;0.999828;237.577503;-16.789349;1.059055;1.432040;0.999828;42.805650;43.897949;1.048590;1.273115;0.999762;-7.676021;27.566760;1.010830;1.125747;1.000340;3.286417;12.814353;1.070944;1.445854;1.000000;-2.859411;17.805649;1.096451;1.192688;
4.402624;1.060201;1.044833;1.009174;1.017324;1.019490;1.070943;1.061148;1.089915;1.055387;1.050642;1.057126;1.056063;1.051056;1.035537;0.999828;237.577503;-16.789349;1.059055;1.432040;0.999828;42.805650;43.897949;1.048590;1.273115;0.999762;-7.676021;27.566760;1.010830;1.125747;1.000340;3.286417;12.814353;1.070944;1.445854;1.000000;-2.859411;17.805649;1.096451;1.192688;
4.402666;1.060201;1.044833;1.009174;1.017325;1.019490;1.070943;1.061148;1.089915;1.055387;1.050642;1.057126;1.056063;1.051056;1.035537;0.999828;237.577137;-16.789441;1.059055;1.432040;0.999828;42.805306;43.897866;1.048590;1.273114;0.999762;-7.676641;27.566869;1.010830;1.125747;1.000340;3.287455;12.814132;1.070944;1.445851;1.000000;-2.859106;17.805626;1.096451;1.192686;
4.402666;1.060202;1.044833;1.009176;1.017326;1.019493;1.070950;1.061151;1.089917;1.055391;1.050647;1.057132;1.056070;1.051063;1.035542;0.999828;237.577953;-16.790306;1.059055;1.432037;0.999828;42.805938;43.896130;1.048591;1.273107;0.999762;-7.676233;27.566659;1.010831;1.125735;1.000340;3.286473;12.818256;1.070949;1.445753;1.000000;-2.858896;17.805020;1.096452;1.192670;
4.402667;1.060201;1.044833;1.009174;1.017325;1.019491;1.070944;1.061149;1.089916;1.055388;1.050643;1.057128;1.056064;1.051057;1.035538;0.999828;237.577177;-16.789662;1.059055;1.432039;0.999828;42.805330;43.897586;1.048590;1.273113;0.999762;-7.676686;27.566669;1.010830;1.125746;1.000340;3.287648;12.814829;1.070944;1.445844;1.000000;-2.859103;17.805676;1.096451;1.192683;
4.402668;1.060201;1.044833;1.009174;1.017325;1.019491;1.070944;1.061149;1.089916;1.055388;1.050643;1.057128;1.056064;1.051057;1.035538;0.999828;237.577167;-16.789665;1.059055;1.432039;0.999828;42.805321;43.897584;1.048590;1.273113;0.999762;-7.676701;27.566671;1.010830;1.125746;1.000340;3.287676;12.814823;1.070944;1.445844;1.000000;-2.859096;17.805675;1.096451;1.192683;
4.402670;1.060201;1.044833;1.009175;1.017325;1.019491;1.070945;1.061149;1.089916;1.055388;1.050644;1.057128;1.056065;1.051058;1.035538;0.999828;237.577194;-16.789709;1.059055;1.432039;0.999828;42.805338;43.897490;1.048590;1.273112;0.999762;-7.676706;27.566676;1.010830;1.125745;1.000340;3.287662;12.815021;1.070945;1.445838;1.000000;-2.859068;17.805634;1.096451;1.192682;
4.402674;1.060201;1.044833;1.009174;1.017325;1.019491;1.070944;1.061149;1.089916;1.055388;1.050643;1.057128;1.056064;1.051057;1.035538;0.999828;237.577108;-16.789679;1.059055;1.432039;0.999828;42.805264;43.897570;1.048590;1.273113;0.999762;-7.676796;27.566687;1.010830;1.125746;1.000340;3.287845;12.814788;1.070944;1.445844;1.000000;-2.859052;17.805672;1.096451;1.192683;
4.402682;1.060201;1.044833;1.009174;1.017325;1.019491;1.070944;1.061149;1.089916;1.055388;1.050643;1.057128;1.056064;1.051057;1.035538;0.999828;237.577029;-16.789698;1.059055;1.432039;0.999828;42.805188;43.897552;1.048590;1.273112;0.999762;-7.676922;27.566709;1.010830;1.125746;1.000340;3.288071;12.814741;1.070944;1.445843;1.000000;-2.858994;17.805667;1.096451;1.192682;
4.402698;1.060201;1.044833;1.009174;1.017325;1.019491;1.070944;1.061149;1.089916;1.055388;1.050643;1.057128;1.056064;1.051057;1.035538;0.999828;237.576870;-16.789736;1.059055;1.432038;0.999828;42.805036;43.897517;1.048590;1.273112;0.999762;-7.677175;27.566751;1.010830;1.125746;1.000340;3.288522;12.814648;1.070944;1.445842;1.000000;-2.858877;17.805658;1.096451;1.192682;
4.402730;1.060201;1.044833;1.009174;1.017325;1.019491;1.070944;1.061149;1.089916;1.055388;1.050643;1.057128;1.056065;1.051058;1.035538;0.999828;237.576553;-16.789813;1.059055;1.432038;0.999828;42.804732;43.897445;1.048590;1.273111;0.999762;-7.677680;27.566836;1.010830;1.125745;1.000339;3.289424;12.814461;1.070944;1.445839;1.000000;-2.858643;17.805640;1.096451;1.192680;
4.402794;1.060201;1.044833;1.009174;1.017326;1.019492;1.070945;1.061149;1.089916;1.055388;1.050644;1.057128;1.056065;1.051058;1.035539;0.999828;237.575919;-16.789966;1.059055;1.432037;0.999828;42.804124;43.897302;1.048590;1.273110;0.999762;-7.678689;27.567006;1.010830;1.125745;1.000339;3.291226;12.814087;1.070945;1.445834;1.000000;-2.858175;17.805603;1.096451;1.192677;
4.402922;1.060201;1.044833;1.009175;1.017327;1.019493;1.070945;1.061150;1.089917;1.055388;1.050644;1.057128;1.056065;1.051058;1.035539;0.999828;237.574650;-16.790271;1.059055;1.432035;0.999828;42.802908;43.897016;1.048591;1.273107;0.999762;-7.680706;27.567346;1.010830;1.125744;1.000339;3.294828;12.813339;1.070945;1.445824;1.000001;-2.857237;17.805530;1.096452;1.192671;
4.403178;1.060202;1.044833;1.009175;1.017328;1.019495;1.070946;1.061151;1.089917;1.055389;1.050644;1.057129;1.056066;1.051059;1.035539;0.999828;237.572110;-16.790880;1.059055;1.432031;0.999828;42.800477;43.896444;1.048591;1.273100;0.999762;-7.684732;27.568024;1.010830;1.125741;1.000338;3.302018;12.811845;1.070946;1.445804;1.000001;-2.855353;17.805383;1.096452;1.192658;
4.403690;1.060202;1.044834;1.009175;1.017331;1.019498;1.070948;1.061153;1.089919;1.055390;1.050645;1.057130;1.056068;1.051061;1.035541;0.999828;237.567015;-16.792094;1.059056;1.432023;0.999828;42.795620;43.895299;1.048592;1.273088;0.999762;-7.692752;27.569370;1.010831;1.125737;1.000335;3.316339;12.808859;1.070948;1.445764;1.000002;-2.851554;17.805088;1.096454;1.192633;
4.404714;1.060203;1.044836;1.009175;1.017338;1.019505;1.070952;1.061156;1.089921;1.055392;1.050647;1.057133;1.056072;1.051064;1.035543;0.999828;237.556776;-16.794507;1.059057;1.432007;0.999828;42.785924;43.893009;1.048593;1.273063;0.999763;-7.708667;27.572030;1.010831;1.125728;1.000331;3.344752;12.802901;1.070952;1.445686;1.000004;-2.843832;17.804494;1.096456;1.192584;
4.406762;1.060205;1.044839;1.009176;1.017351;1.019520;1.070960;1.061164;1.089927;1.055396;1.050652;1.057138;1.056080;1.051071;1.035548;0.999827;237.536101;-16.799265;1.059058;1.431975;0.999828;42.766609;43.888423;1.048595;1.273013;0.999764;-7.739992;27.577220;1.010832;1.125708;1.000322;3.400647;12.791042;1.070960;1.445534;1.000009;-2.827891;17.803286;1.096461;1.192485;
4.410858;1.060209;1.044844;1.009177;1.017376;1.019548;1.070974;1.061178;1.089938;1.055405;1.050660;1.057148;1.056094;1.051083;1.035558;0.999826;237.493990;-16.808514;1.059061;1.431912;0.999827;42.728306;43.879238;1.048600;1.272913;0.999766;-7.800606;27.587073;1.010834;1.125666;1.000305;3.508653;12.767564;1.070974;1.445250;1.000017;-2.794023;17.800800;1.096471;1.192289;
4.419050;1.060216;1.044856;1.009181;1.017426;1.019602;1.070999;1.061208;1.089959;1.055423;1.050678;1.057167;1.056119;1.051104;1.035577;0.999823;237.406943;-16.825929;1.059067;1.431790;0.999826;42.653210;43.860841;1.048610;1.272715;0.999770;-7.913564;27.604670;1.010839;1.125571;1.000267;3.709053;12.721692;1.070999;1.444757;1.000033;-2.718402;17.795537;1.096490;1.191905;
4.435434;1.060230;1.044879;1.009191;1.017522;1.019702;1.071033;1.061268;1.090000;1.055463;1.050714;1.057199;1.056156;1.051136;1.035612;0.999818;237.223261;-16.856357;1.059079;1.431565;0.999824;42.510409;43.824183;1.048630;1.272326;0.999779;-8.105569;27.631390;1.010851;1.125334;1.000188;4.044272;12.635166;1.071033;1.444072;1.000064;-2.536281;17.783859;1.096527;1.191173;
4.467466;1.060252;1.044921;1.009222;1.017691;1.019863;1.071045;1.061385;1.090073;1.055556;1.050790;1.057242;1.056174;1.051158;1.035672;0.999809;236.838872;-16.898793;1.059097;1.431204;0.999821;42.267074;43.754520;1.048666;1.271605;0.999795;-8.346294;27.651015;1.010882;1.124701;1.000019;4.433931;12.491652;1.071045;1.443835;1.000118;-2.070364;17.756736;1.096589;1.189920;
4.467466;1.060252;1.044921;1.009222;1.017691;1.019863;1.071045;1.061385;1.090073;1.055556;1.050790;1.057242;1.056174;1.051158;1.035672;0.999809;236.838872;-16.898793;1.059097;1.431204;0.999821;42.267074;43.754520;1.048666;1.271605;0.999795;-8.346294;27.651015;1.010882;1.124701;1.000019;4.433931;12.491652;1.071045;1.443835;1.000118;-2.070364;17.756736;1.096589;1.189920;
4.467467;1.060252;1.044921;1.009222;1.017691;1.019863;1.071045;1.061385;1.090073;1.055556;1.050790;1.057242;1.056174;1.051158;1.035672;0.999809;236.838859;-16.898792;1.059097;1.431204;0.999821;42.267067;43.754519;1.048666;1.271605;0.999795;-8.346298;27.651016;1.010882;1.124701;1.000019;4.433936;12.491639;1.071045;1.443835;1.000118;-2.070347;17.756740;1.096589;1.189920;
4.467468;1.060252;1.044921;1.009222;1.017691;1.019863;1.071045;1.061385;1.090073;1.055556;1.050790;1.057242;1.056174;1.051158;1.035672;0.999809;236.838846;-16.898793;1.059097;1.431204;0.999821;42.267060;43.754517;1.048666;1.271605;0.999795;-8.346303;27.651016;1.010882;1.124701;1.000019;4.433943;12.491635;1.071045;1.443835;1.000118;-2.070330;17.756740;1.096589;1.189920;
4.467470;1.060252;1.044921;1.009222;1.017691;1.019863;1.071045;1.061385;1.090073;1.055556;1.050790;1.057242;1.056174;1.051158;1.035672;0.999809;236.838821;-16.898794;1.059097;1.431204;0.999821;42.267046;43.754514;1.048666;1.271605;0.999795;-8.346312;27.651016;1.010882;1.124701;1.000019;4.433956;12.491623;1.071045;1.443835;1.000118;-2.070296;17.756740;1.096589;1.189920;
4.467474;1.060252;1.044921;1.009222;1.017691;1.019863;1.071045;1.061385;1.090073;1.055556;1.050790;1.057242;1.056174;1.051158;1.035672;0.999809;236.838771;-16.898799;1.059097;1.431204;0.999821;42.267019;43.754504;1.048666;1.271605;0.999795;-8.346331;27.651015;1.010882;1.124700;1.000019;4.433984;12.491611;1.071045;1.443835;1.000118;-2.070229;17.756734;1.096589;1.189919;
4.467481;1.060252;1.044921;1.009222;1.017692;1.019863;1.071045;1.061385;1.090073;1.055556;1.050790;1.057242;1.056174;1.051158;1.035672;0.999809;236.838691;-16.898805;1.059097;1.431204;0.999821;42.266975;43.754491;1.048666;1.271605;0.999795;-8.346362;27.651015;1.010882;1.124700;1.000019;4.434027;12.491586;1.071045;1.443835;1.000118;-2.070122;17.756728;1.096589;1.189919;
4.467481;1.060252;1.044921;1.009222;1.017692;1.019863;1.071045;1.061385;1.090073;1.055556;1.050790;1.057242;1.056174;1.051158;1.035672;0.999809;236.838691;-16.898805;1.059097;1.431204;0.999821;42.266975;43.754491;1.048666;1.271605;0.999795;-8.346362;27.651015;1.010882;1.124700;1.000019;4.434027;12.491586;1.071045;1.443835;1.000118;-2.070122;17.756728;1.096589;1.189919;
4.467481;1.060252;1.044921;1.009222;1.017692;1.019863;1.071045;1.061385;1.090073;1.055556;1.050790;1.057242;1.056174;1.051158;1.035672;0.999809;236.838691;-16.898805;1.059097;1.431204;0.999821;42.266975;43.754491;1.048666;1.271605;0.999795;-8.346362;27.651015;1.010882;1.124700;1.000019;4.434027;12.491586;1.071045;1.443835;1.000118;-2.070122;17.756728;1.096589;1.189919;
4.467482;1.060252;1.044921;1.009222;1.017692;1.019863;1.071045;1.061385;1.090073;1.055556;1.050790;1.057242;1.056174;1.051158;1.035672;0.999809;236.838670;-16.898806;1.059097;1.431204;0.999821;42.266963;43.754487;1.048666;1.271605;0.999795;-8.346370;27.651015;1.010882;1.124700;1.000019;4.434038;12.491579;1.071045;1.443835;1.000118;-2.070094;17.756726;1.096589;1.189919;
4.467498;1.060252;1.044921;1.009222;1.017692;1.019864;1.071045;1.061385;1.090073;1.055556;1.050790;1.057242;1.056174;1.051158;1.035672;0.999809;236.838469;-16.898822;1.059097;1.431204;0.999821;42.266853;43.754453;1.048666;1.271604;0.999795;-8.346446;27.651014;1.010882;1.124700;1.000019;4.434146;12.491515;1.071045;1.443836;1.000118;-2.069824;17.756711;1.096589;1.189919;
4.467530;1.060252;1.044921;1.009222;1.017692;1.019864;1.071045;1.061385;1.090073;1.055556;1.050790;1.057242;1.056174;1.051158;1.035672;0.999809;236.838066;-16.898853;1.059097;1.431204;0.999821;42.266632;43.754384;1.048666;1.271603;0.999795;-8.346598;27.651012;1.010882;1.124699;1.000019;4.434361;12.491388;1.071045;1.443836;1.000118;-2.069284;17.756682;1.096589;1.189917;
4.467594;1.060252;1.044921;1.009222;1.017692;1.019864;1.071045;1.061385;1.090074;1.055556;1.050791;1.057243;1.056174;1.051158;1.035672;0.999809;236.837260;-16.898916;1.059097;1.431203;0.999821;42.266191;43.754247;1.048666;1.271602;0.999795;-8.346901;27.651007;1.010882;1.124698;1.000018;4.434791;12.491132;1.071045;1.443837;1.000118;-2.068203;17.756622;1.096590;1.189915;
4.467722;1.060252;1.044921;1.009222;1.017693;1.019865;1.071044;1.061385;1.090074;1.055557;1.050791;1.057243;1.056174;1.051158;1.035673;0.999809;236.835647;-16.899040;1.059097;1.431202;0.999821;42.265309;43.753973;1.048666;1.271599;0.999796;-8.347506;27.650998;1.010883;1.124695;1.000018;4.435647;12.490623;1.071044;1.443839;1.000118;-2.066041;17.756502;1.096590;1.189911;
4.467978;1.060252;1.044921;1.009222;1.017694;1.019866;1.071044;1.061386;1.090074;1.055558;1.050792;1.057243;1.056174;1.051158;1.035673;0.999809;236.832422;-16.899287;1.059097;1.431199;0.999821;42.263548;43.753424;1.048666;1.271594;0.999796;-8.348706;27.650978;1.010883;1.124689;1.000016;4.437340;12.489605;1.071044;1.443843;1.000118;-2.061709;17.756262;1.096590;1.189902;
4.468490;1.060253;1.044922;1.009223;1.017696;1.019868;1.071044;1.061388;1.090075;1.055559;1.050793;1.057243;1.056173;1.051158;1.035674;0.999809;236.825967;-16.899778;1.059097;1.431195;0.999821;42.260036;43.752327;1.048667;1.271583;0.999796;-8.351072;27.650928;1.010884;1.124677;1.000013;4.440657;12.487579;1.071044;1.443852;1.000119;-2.053020;17.755782;1.096591;1.189883;
4.469514;1.060253;1.044923;1.009224;1.017701;1.019872;1.071043;1.061392;1.090078;1.055563;1.050795;1.057244;1.056173;1.051157;1.035676;0.999809;236.813042;-16.900743;1.059098;1.431185;0.999821;42.253057;43.750137;1.048668;1.271560;0.999796;-8.355664;27.650796;1.010885;1.124652;1.000008;4.447007;12.483557;1.071043;1.443870;1.000121;-2.035538;17.754817;1.096593;1.189847;
4.471562;1.060254;1.044926;1.009227;1.017711;1.019881;1.071041;1.061399;1.090082;1.055569;1.050801;1.057246;1.056171;1.051157;1.035679;0.999808;236.787136;-16.902602;1.059099;1.431166;0.999820;42.239274;43.745770;1.048670;1.271516;0.999798;-8.364285;27.650400;1.010887;1.124603;0.999996;4.458575;12.475642;1.071041;1.443910;1.000124;-2.000163;17.752869;1.096596;1.189776;
4.475658;1.060257;1.044931;1.009232;1.017731;1.019897;1.071036;1.061414;1.090090;1.055583;1.050811;1.057249;1.056168;1.051155;1.035686;0.999807;236.735117;-16.906047;1.059100;1.431129;0.999820;42.212412;43.737090;1.048675;1.271428;0.999800;-8.379276;27.649076;1.010892;1.124502;0.999973;4.477196;12.460336;1.071036;1.444008;1.000129;-1.927797;17.748907;1.096603;1.189637;
4.483850;1.060261;1.044941;1.009243;1.017769;1.019928;1.071023;1.061443;1.090107;1.055611;1.050833;1.057255;1.056157;1.051149;1.035699;0.999805;236.630384;-16.911850;1.059104;1.431060;0.999819;42.161537;43.719966;1.048683;1.271257;0.999804;-8.400256;27.644315;1.010903;1.124290;0.999927;4.496465;12.431865;1.071023;1.444266;1.000140;-1.776852;17.740722;1.096617;1.189373;
4.500234;1.060267;1.044961;1.009267;1.017838;1.019979;1.070985;1.061501;1.090137;1.055670;1.050877;1.057262;1.056125;1.051127;1.035724;0.999801;236.419145;-16.919212;1.059110;1.430947;0.999818;42.071241;43.686768;1.048700;1.270928;0.999813;-8.406387;27.626442;1.010926;1.123826;0.999836;4.464538;12.383809;1.070985;1.445022;1.000160;-1.452279;17.723358;1.096640;1.188905;
4.533002;1.060275;1.044996;1.009325;1.017952;1.020044;1.070869;1.061610;1.090185;1.055800;1.050972;1.057263;1.056022;1.051056;1.035768;0.999794;235.995691;-16.918138;1.059117;1.430808;0.999815;41.934160;43.625155;1.048729;1.270332;0.999830;-8.279081;27.558410;1.010980;1.122750;0.999665;4.140096;12.324273;1.070869;1.447339;1.000185;-0.732649;17.685238;1.096674;1.188231;
4.598538;1.060271;1.045052;1.009471;1.018091;1.020048;1.070544;1.061790;1.090229;1.056074;1.051166;1.057232;1.055723;1.050844;1.035837;0.999784;235.168576;-16.865649;1.059115;1.430831;0.999811;41.785099;43.522026;1.048777;1.269381;0.999861;-7.526883;27.306902;1.011110;1.120138;0.999408;2.728116;12.338603;1.070544;1.453852;1.000182;0.803442;17.601469;1.096687;1.187975;
4.664074;1.060247;1.045092;1.009646;1.018127;1.019932;1.070172;1.061906;1.090202;1.056325;1.051339;1.057174;1.055376;1.050595;1.035878;0.999778;234.374589;-16.763770;1.059099;1.431163;0.999807;41.718340;43.445039;1.048810;1.268721;0.999889;-6.218714;26.925285;1.011263;1.117091;0.999297;0.734551;12.491370;1.070174;1.461248;1.000110;2.227302;17.516157;1.096631;1.189095;
4.722317;1.060218;1.045117;1.009815;1.018100;1.019788;1.069893;1.061951;1.090133;1.056494;1.051454;1.057124;1.055112;1.050406;1.035897;0.999776;233.690823;-16.654557;1.059077;1.431588;0.999804;41.627777;43.392890;1.048831;1.268307;0.999908;-4.733477;26.506240;1.011406;1.114226;0.999328;-1.014186;12.685905;1.069899;1.466752;1.000000;3.147596;17.448248;1.096539;1.190935;
4.722317;1.060219;1.045118;1.009816;1.018103;1.019791;1.069903;1.061956;1.090138;1.056499;1.051460;1.057132;1.055122;1.050416;1.035904;0.999776;233.691292;-16.655930;1.059078;1.431582;0.999804;41.628077;43.390872;1.048831;1.268298;0.999908;-4.733571;26.505117;1.011406;1.114218;0.999328;-1.013594;12.690828;1.069903;1.466669;1.000000;3.147724;17.448307;1.096540;1.190896;
4.722317;1.060219;1.045118;1.009816;1.018103;1.019791;1.069903;1.061956;1.090138;1.056499;1.051460;1.057132;1.055122;1.050416;1.035904;0.999776;233.691292;-16.655930;1.059078;1.431582;0.999804;41.628077;43.390872;1.048831;1.268298;0.999908;-4.733571;26.505117;1.011406;1.114218;0.999328;-1.013594;12.690828;1.069903;1.466669;1.000000;3.147724;17.448307;1.096540;1.190896;
4.722317;1.060219;1.045118;1.009816;1.018103;1.019791;1.069903;1.061956;1.090138;1.056499;1.051460;1.057132;1.055122;1.050416;1.035904;0.999776;233.691307;-16.655925;1.059078;1.431582;0.999804;41.628109;43.390876;1.048831;1.268298;0.999908;-4.733519;26.505108;1.011406;1.114218;0.999328;-1.013726;12.690852;1.069903;1.466669;1.000000;3.147757;17.448307;1.096540;1.190896;
4.722318;1.060219;1.045118;1.009816;1.018103;1.019791;1.069903;1.061956;1.090138;1.056499;1.051460;1.057132;1.055122;1.050416;1.035904;0.999776;233.691306;-16.655926;1.059078;1.431582;0.999804;41.628107;43.390874;1.048831;1.268298;0.999908;-4.733522;26.505107;1.011406;1.114218;0.999328;-1.013728;12.690856;1.069903;1.466669;1.000000;3.147766;17.448306;1.096540;1.190896;
4.722319;1.060219;1.045118;1.009816;1.018103;1.019791;1.069903;1.061956;1.090138;1.056499;1.051460;1.057132;1.055122;1.050416;1.035904;0.999776;233.691294;-16.655924;1.059078;1.431582;0.999804;41.628106;43.390873;1.048831;1.268298;0.999908;-4.733493;26.505099;1.011406;1.114218;0.999328;-1.013759;12.690860;1.069903;1.466669;1.000000;3.147779;17.448305;1.096540;1.190896;
4.722321;1.060219;1.045118;1.009816;1.018103;1.019791;1.069903;1.061956;1.090138;1.056499;1.051460;1.057132;1.055122;1.050416;1.035904;0.999776;233.691275;-16.655921;1.059078;1.431582;0.999804;41.628102;43.390871;1.048831;1.268298;0.999908;-4.733449;26.505086;1.011406;1.114218;0.999328;-1.013808;12.690869;1.069903;1.466669;1.000000;3.147804;17.448302;1.096540;1.190896;
4.722325;1.060219;1.045118;1.009816;1.018103;1.019791;1.069903;1.061956;1.090138;1.056499;1.051460;1.057132;1.055122;1.050416;1.035904;0.999776;233.691225;-16.655912;1.059078;1.431583;0.999804;41.628096;43.390868;1.048831;1.268298;0.999908;-4.733323;26.505052;1.011406;1.114218;0.999328;-1.013944;12.690885;1.069903;1.466669;1.000000;3.147860;17.448298;1.096540;1.190897;
4.722333;1.060219;1.045118;1.009816;1.018103;1.019791;1.069903;1.061956;1.090138;1.056499;1.051460;1.057132;1.055122;1.050416;1.035904;0.999776;233.691133;-16.655895;1.059078;1.431583;0.999804;41.628083;43.390862;1.048831;1.268298;0.999908;-4.733096;26.504988;1.011406;1.114218;0.999328;-1.014190;12.690918;1.069903;1.466670;1.000000;3.147968;17.448288;1.096540;1.190897;
4.722349;1.060219;1.045118;1.009816;1.018103;1.019791;1.069903;1.061956;1.090138;1.056499;1.051460;1.057132;1.055122;1.050416;1.035904;0.999776;233.690948;-16.655863;1.059078;1.431583;0.999804;41.628057;43.390849;1.048831;1.268297;0.999908;-4.732641;26.504861;1.011407;1.114217;0.999328;-1.014683;12.690983;1.069903;1.466671;1.000000;3.148184;17.448270;1.096540;1.190897;
4.722352;1.060219;1.045118;1.009816;1.018103;1.019791;1.069903;1.061956;1.090138;1.056499;1.051461;1.057132;1.055122;1.050415;1.035904;0.999776;233.690915;-16.655857;1.059078;1.431583;0.999804;41.628053;43.390847;1.048831;1.268297;0.999908;-4.732560;26.504839;1.011407;1.114217;0.999328;-1.014772;12.690995;1.069903;1.466672;1.000000;3.148223;17.448267;1.096540;1.190898;
4.722352;1.060219;1.045118;1.009816;1.018103;1.019791;1.069903;1.061956;1.090138;1.056499;1.051461;1.057132;1.055122;1.050415;1.035904;0.999776;233.690915;-16.655857;1.059078;1.431583;0.999804;41.628053;43.390847;1.048831;1.268297;0.999908;-4.732560;26.504839;1.011407;1.114217;0.999328;-1.014772;12.690995;1.069903;1.466672;1.000000;3.148223;17.448267;1.096540;1.190898;
4.722352;1.060219;1.045118;1.009816;1.018103;1.019791;1.069903;1.061956;1.090138;1.056499;1.051461;1.057132;1.055122;1.050415;1.035904;0.999776;233.690915;-16.655857;1.059078;1.431583;0.999804;41.628053;43.390847;1.048831;1.268297;0.999908;-4.732560;26.504839;1.011407;1.114217;0.999328;-1.014772;12.690995;1.069903;1.466672;1.000000;3.148223;17.448267;1.096540;1.190898;
4.722381;1.060219;1.045118;1.009816;1.018103;1.019790;1.069903;1.061956;1.090138;1.056499;1.051461;1.057132;1.055122;1.050415;1.035904;0.999776;233.690579;-16.655798;1.059078;1.431583;0.999804;41.628006;43.390824;1.048831;1.268297;0.999908;-4.731732;26.504608;1.011407;1.114215;0.999328;-1.015669;12.691114;1.069903;1.466674;1.000000;3.148615;17.448233;1.096540;1.190899;
4.722445;1.060219;1.045118;1.009816;1.018103;1.019790;1.069902;1.061956;1.090137;1.056499;1.051461;1.057132;1.055121;1.050415;1.035904;0.999776;233.689841;-16.655668;1.059078;1.431584;0.999804;41.627903;43.390773;1.048831;1.268297;0.999908;-4.729914;26.504101;1.011407;1.114212;0.999328;-1.017641;12.691375;1.069902;1.466679;1.000000;3.149478;17.448159;1.096540;1.190901;
4.722573;1.060218;1.045118;1.009816;1.018103;1.019790;1.069902;1.061956;1.090137;1.056500;1.051461;1.057132;1.055121;1.050415;1.035904;0.999776;233.688365;-16.655407;1.059078;1.431585;0.999804;41.627697;43.390671;1.048831;1.268296;0.999908;-4.726278;26.503086;1.011407;1.114205;0.999328;-1.021582;12.691898;1.069902;1.466690;0.999999;3.151201;17.448012;1.096540;1.190906;
4.722829;1.060218;1.045118;1.009817;1.018102;1.019789;1.069901;1.061956;1.090137;1.056500;1.051461;1.057132;1.055120;1.050414;1.035904;0.999776;233.685413;-16.654887;1.059078;1.431587;0.999804;41.627284;43.390467;1.048831;1.268295;0.999908;-4.719002;26.501057;1.011408;1.114192;0.999329;-1.029459;12.692944;1.069901;1.466712;0.999999;3.154639;17.447718;1.096539;1.190916;
4.723341;1.060218;1.045118;1.009819;1.018102;1.019788;1.069899;1.061956;1.090136;1.056502;1.051462;1.057132;1.055118;1.050413;1.035904;0.999776;233.679510;-16.653847;1.059077;1.431591;0.999804;41.626449;43.390060;1.048831;1.268292;0.999908;-4.704441;26.496994;1.011409;1.114166;0.999329;-1.045184;12.695036;1.069899;1.466755;0.999998;3.161483;17.447130;1.096539;1.190935;
4.724365;1.060217;1.045119;1.009822;1.018101;1.019785;1.069894;1.061957;1.090135;1.056504;1.051464;1.057131;1.055114;1.050410;1.035905;0.999776;233.667707;-16.651766;1.059077;1.431600;0.999804;41.624753;43.389248;1.048832;1.268286;0.999908;-4.675278;26.488858;1.011412;1.114114;0.999331;-1.076526;12.699219;1.069894;1.466841;0.999995;3.175045;17.445957;1.096537;1.190974;
4.726413;1.060216;1.045120;1.009828;1.018099;1.019779;1.069886;1.061958;1.090131;1.056510;1.051468;1.057130;1.055105;1.050404;1.035905;0.999776;233.644112;-16.647608;1.059076;1.431617;0.999804;41.621249;43.387633;1.048832;1.268274;0.999909;-4.616794;26.472541;1.011417;1.114010;0.999335;-1.138761;12.707580;1.069886;1.467011;0.999991;3.201663;17.443626;1.096533;1.191053;
4.730509;1.060214;1.045121;1.009840;1.018095;1.019768;1.069869;1.061959;1.090125;1.056520;1.051475;1.057127;1.055090;1.050393;1.035907;0.999776;233.596964;-16.639310;1.059074;1.431652;0.999804;41.613773;43.384433;1.048833;1.268251;0.999910;-4.499219;26.439731;1.011427;1.113801;0.999342;-1.261358;12.724273;1.069869;1.467341;0.999981;3.252846;17.439021;1.096525;1.191211;
4.738701;1.060209;1.045124;1.009865;1.018087;1.019745;1.069838;1.061961;1.090112;1.056539;1.051489;1.057122;1.055060;1.050373;1.035910;0.999776;233.502784;-16.622817;1.059071;1.431720;0.999804;41.596826;43.378137;1.048836;1.268205;0.999912;-4.261885;26.373447;1.011448;1.113384;0.999359;-1.498454;12.757461;1.069838;1.467960;0.999962;3.346813;17.430044;1.096509;1.191533;
4.755085;1.060200;1.045129;1.009915;1.018070;1.019702;1.069786;1.061962;1.090086;1.056573;1.051513;1.057115;1.055009;1.050338;1.035915;0.999776;233.314538;-16.590508;1.059064;1.431855;0.999803;41.553997;43.365790;1.048840;1.268118;0.999916;-3.780315;26.238548;1.011490;1.112557;0.999399;-1.935823;12.822350;1.069786;1.469019;0.999922;3.499943;17.413058;1.096476;1.192187;
4.787853;1.060184;1.045140;1.010013;1.018036;1.019631;1.069719;1.061956;1.090031;1.056621;1.051550;1.057111;1.054944;1.050297;1.035926;0.999778;232.936400;-16.530253;1.059052;1.432102;0.999802;41.427076;43.341104;1.048849;1.267946;0.999923;-2.803476;25.962112;1.011570;1.110938;0.999500;-2.635927;12.941028;1.069719;1.470347;0.999840;3.661617;17.383297;1.096411;1.193495;
4.853389;1.060159;1.045163;1.010196;1.017985;1.019562;1.069742;1.061914;1.089929;1.056639;1.051574;1.057141;1.054961;1.050325;1.035948;0.999783;232.171452;-16.434016;1.059034;1.432463;0.999801;40.997542;43.288794;1.048867;1.267582;0.999932;-0.888190;25.404226;1.011720;1.107948;0.999742;-3.252294;13.105302;1.069742;1.469895;0.999688;3.429497;17.343204;1.096295;1.195808;
4.918925;1.060147;1.045187;1.010355;1.017960;1.019589;1.069935;1.061843;1.089848;1.056560;1.051535;1.057207;1.055140;1.050469;1.035965;0.999792;231.411631;-16.371512;1.059025;1.432639;0.999803;40.359503;43.234598;1.048886;1.267194;0.999934;0.880396;24.866617;1.011847;1.105409;0.999980;-2.871737;13.154802;1.069935;1.466027;0.999572;2.559850;17.331748;1.096211;1.197486;
4.931712;1.060145;1.045192;1.010382;1.017958;1.019603;1.069983;1.061827;1.089835;1.056535;1.051520;1.057219;1.055185;1.050504;1.035965;0.999794;231.269153;-16.362502;1.059024;1.432658;0.999803;40.219570;43.224897;1.048890;1.267122;0.999933;1.196760;24.768255;1.011868;1.104982;1.000019;-2.708373;13.151095;1.069983;1.465068;0.999555;2.340783;17.333009;1.096199;1.197723;
4.931712;1.060145;1.045192;1.010382;1.017958;1.019603;1.069983;1.061827;1.089835;1.056535;1.051520;1.057219;1.055185;1.050504;1.035965;0.999794;231.269153;-16.362502;1.059024;1.432658;0.999803;40.219570;43.224897;1.048890;1.267122;0.999933;1.196760;24.768255;1.011868;1.104982;1.000019;-2.708373;13.151095;1.069983;1.465068;0.999555;2.340783;17.333009;1.096199;1.197723;
4.931712;1.060145;1.045192;1.010382;1.017958;1.019603;1.069983;1.061827;1.089835;1.056535;1.051520;1.057219;1.055185;1.050504;1.035965;0.999794;231.269153;-16.362502;1.059024;1.432658;0.999803;40.219570;43.224897;1.048890;1.267122;0.999933;1.196760;24.768255;1.011868;1.104982;1.000019;-2.708373;13.151095;1.069983;1.465068;0.999555;2.340783;17.333009;1.096199;1.197723;
4.931739;1.060145;1.045192;1.010383;1.017958;1.019603;1.069983;1.061827;1.089835;1.056535;1.051520;1.057219;1.055185;1.050504;1.035965;0.999794;231.268850;-16.362484;1.059024;1.432658;0.999803;40.219265;43.224877;1.048890;1.267122;0.999933;1.197426;24.768046;1.011868;1.104981;1.000019;-2.707993;13.151082;1.069983;1.465066;0.999555;2.340297;17.333013;1.096199;1.197723;
4.931739;1.060145;1.045192;1.010383;1.017959;1.019603;1.069984;1.061828;1.089837;1.056536;1.051521;1.057220;1.055185;1.050504;1.035966;0.999794;231.268927;-16.362663;1.059024;1.432657;0.999803;40.219324;43.224622;1.048890;1.267120;0.999933;1.197445;24.767916;1.011868;1.104979;1.000019;-2.708000;13.151087;1.069984;1.465055;0.999555;2.340320;17.333688;1.096200;1.197712;
4.931740;1.060145;1.045192;1.010383;1.017959;1.019603;1.069984;1.061828;1.089837;1.056536;1.051521;1.057220;1.055185;1.050504;1.035966;0.999794;231.268916;-16.362662;1.059024;1.432657;0.999803;40.219312;43.224621;1.048890;1.267120;0.999933;1.197470;24.767908;1.011868;1.104979;1.000019;-2.707984;13.151086;1.069984;1.465055;0.999555;2.340301;17.333689;1.096200;1.197712;
4.931741;1.060145;1.045192;1.010383;1.017959;1.019603;1.069984;1.061828;1.089837;1.056536;1.051521;1.057220;1.055185;1.050504;1.035966;0.999794;231.268905;-16.362662;1.059024;1.432657;0.999803;40.219300;43.224620;1.048890;1.267120;0.999933;1.197495;24.767900;1.011868;1.104979;1.000019;-2.707969;13.151086;1.069984;1.465055;0.999555;2.340282;17.333689;1.096200;1.197712;
4.931743;1.060145;1.045192;1.010383;1.017959;1.019603;1.069984;1.061828;1.089837;1.056536;1.051521;1.057220;1.055185;1.050504;1.035966;0.999794;231.268882;-16.362660;1.059024;1.432657;0.999803;40.219277;43.224619;1.048890;1.267120;0.999933;1.197546;24.767885;1.011868;1.104979;1.000019;-2.707937;13.151085;1.069984;1.465055;0.999555;2.340243;17.333689;1.096200;1.197712;
4.931747;1.060145;1.045192;1.010383;1.017959;1.019603;1.069984;1.061828;1.089837;1.056536;1.051521;1.057220;1.055185;1.050504;1.035966;0.999794;231.268836;-16.362658;1.059024;1.432657;0.999803;40.219230;43.224615;1.048890;1.267120;0.999933;1.197646;24.767853;1.011868;1.104979;1.000019;-2.707874;13.151083;1.069984;1.465054;0.999555;2.340165;17.333690;1.096200;1.197712;
4.931755;1.060145;1.045192;1.010383;1.017959;1.019603;1.069984;1.061828;1.089837;1.056536;1.051521;1.057220;1.055185;1.050505;1.035966;0.999794;231.268745;-16.362653;1.059024;1.432657;0.999803;40.219136;43.224609;1.048890;1.267120;0.999933;1.197847;24.767790;1.011868;1.104979;1.000019;-2.707748;13.151079;1.069984;1.465054;0.999555;2.340010;17.333691;1.096200;1.197712;
4.931771;1.060145;1.045192;1.010383;1.017959;1.019603;1.069984;1.061828;1.089837;1.056536;1.051521;1.057220;1.055185;1.050505;1.035966;0.999794;231.268562;-16.362643;1.059024;1.432657;0.999803;40.218948;43.224596;1.048890;1.267120;0.999933;1.198248;24.767664;1.011868;1.104978;1.000019;-2.707496;13.151072;1.069984;1.465052;0.999555;2.339700;17.333694;1.096200;1.197712;
4.931803;1.060145;1.045192;1.010383;1.017959;1.019603;1.069984;1.061828;1.089837;1.056536;1.051521;1.057220;1.055186;1.050505;1.035966;0.999794;231.268197;-16.362624;1.059024;1.432657;0.999803;40.218573;43.224569;1.048890;1.267120;0.999933;1.199051;24.767412;1.011868;1.104977;1.000019;-2.706991;13.151057;1.069984;1.465049;0.999555;2.339079;17.333699;1.096200;1.197713;
4.931867;1.060145;1.045192;1.010383;1.017958;1.019603;1.069984;1.061828;1.089837;1.056536;1.051521;1.057220;1.055186;1.050505;1.035966;0.999794;231.267467;-16.362585;1.059024;1.432657;0.999803;40.217822;43.224517;1.048890;1.267119;0.999933;1.200656;24.766909;1.011869;1.104975;1.000019;-2.705981;13.151026;1.069984;1.465043;0.999555;2.337837;17.333710;1.096200;1.197714;
4.931995;1.060145;1.045192;1.010383;1.017958;1.019603;1.069985;1.061827;1.089837;1.056536;1.051521;1.057220;1.055186;1.050505;1.035966;0.999794;231.266006;-16.362507;1.059024;1.432657;0.999803;40.216319;43.224412;1.048890;1.267118;0.999933;1.203865;24.765902;1.011869;1.104971;1.000020;-2.703960;13.150965;1.069985;1.465032;0.999555;2.335351;17.333731;1.096199;1.197716;
4.932251;1.060145;1.045192;1.010384;1.017958;1.019604;1.069986;1.061827;1.089837;1.056535;1.051520;1.057221;1.055187;1.050506;1.035966;0.999794;231.263086;-16.362351;1.059024;1.432657;0.999803;40.213312;43.224202;1.048890;1.267117;0.999933;1.210280;24.763888;1.011869;1.104962;1.000021;-2.699906;13.150842;1.069986;1.465009;0.999555;2.330376;17.333774;1.096199;1.197721;
4.932763;1.060145;1.045192;1.010385;1.017958;1.019604;1.069988;1.061826;1.089836;1.056534;1.051520;1.057221;1.055190;1.050508;1.035966;0.999794;231.257246;-16.362041;1.059024;1.432657;0.999803;40.207290;43.223782;1.048890;1.267114;0.999933;1.223096;24.759863;1.011870;1.104945;1.000023;-2.691758;13.150589;1.069988;1.464962;0.999554;2.320403;17.333862;1.096199;1.197730;
4.933787;1.060145;1.045193;1.010387;1.017958;1.019606;1.069993;1.061825;1.089835;1.056532;1.051518;1.057223;1.055194;1.050511;1.035966;0.999794;231.245574;-16.361426;1.059024;1.432658;0.999803;40.195219;43.222942;1.048891;1.267108;0.999933;1.248675;24.751826;1.011872;1.104911;1.000026;-2.675304;13.150059;1.069993;1.464869;0.999553;2.300378;17.334043;1.096198;1.197749;
4.935835;1.060145;1.045193;1.010391;1.017958;1.019609;1.070002;1.061822;1.089833;1.056527;1.051516;1.057225;1.055203;1.050518;1.035967;0.999794;231.222260;-16.360221;1.059024;1.432660;0.999804;40.170967;43.221267;1.048891;1.267095;0.999933;1.299613;24.735801;1.011875;1.104843;1.000033;-2.641768;13.148901;1.070002;1.464681;0.999550;2.260009;17.334434;1.096196;1.197786;
4.939931;1.060145;1.045195;1.010400;1.017958;1.019615;1.070021;1.061816;1.089830;1.056518;1.051510;1.057230;1.055220;1.050532;1.035967;0.999795;231.175760;-16.357903;1.059024;1.432662;0.999804;40.122039;43.217933;1.048892;1.267071;0.999933;1.400603;24.703950;1.011882;1.104710;1.000046;-2.572244;13.146201;1.070021;1.464301;0.999545;2.178038;17.335321;1.096192;1.197856;
4.948123;1.060144;1.045198;1.010417;1.017958;1.019628;1.070060;1.061804;1.089822;1.056498;1.051498;1.057240;1.055257;1.050559;1.035967;0.999797;231.083342;-16.353620;1.059024;1.432665;0.999804;40.022619;43.211347;1.048895;1.267022;0.999933;1.598969;24.641081;1.011895;1.104450;1.000072;-2.423848;13.139288;1.070060;1.463522;0.999536;2.009500;17.337520;1.096186;1.197985;
4.964507;1.060144;1.045204;1.010449;1.017959;1.019657;1.070141;1.061780;1.089809;1.056454;1.051471;1.057260;1.055332;1.050616;1.035966;0.999800;230.901454;-16.346322;1.059024;1.432664;0.999806;39.818684;43.198648;1.048900;1.266925;0.999931;1.980743;24.518955;1.011919;1.103963;1.000118;-2.093757;13.119681;1.070141;1.461914;0.999520;1.656855;17.343620;1.096175;1.198199;
4.997275;1.060145;1.045215;1.010504;1.017963;1.019724;1.070303;1.061727;1.089790;1.056354;1.051405;1.057292;1.055483;1.050727;1.035956;0.999807;230.555047;-16.335586;1.059025;1.432646;0.999809;39.400515;43.176341;1.048908;1.266750;0.999928;2.681763;24.291089;1.011961;1.103123;1.000187;-1.336566;13.060417;1.070303;1.458677;0.999503;0.912663;17.362410;1.096163;1.198454;
5.062811;1.060146;1.045228;1.010584;1.017965;1.019852;1.070573;1.061613;1.089773;1.056128;1.051241;1.057312;1.055735;1.050900;1.035898;0.999822;229.977592;-16.320907;1.059026;1.432613;0.999818;38.604095;43.152114;1.048919;1.266531;0.999919;3.826255;23.911781;1.012018;1.101994;1.000229;0.268319;12.894315;1.070573;1.453270;0.999520;-0.551613;17.421598;1.096168;1.198354;
5.128347;1.060141;1.045220;1.010601;1.017933;1.019904;1.070656;1.061515;1.089797;1.055928;1.051073;1.057247;1.055812;1.050925;1.035792;0.999840;229.725419;-16.307503;1.059022;1.432707;0.999831;38.063645;43.176374;1.048914;1.266648;0.999906;4.467392;23.695211;1.012022;1.101912;1.000113;1.390657;12.724904;1.070656;1.451599;0.999616;-1.580951;17.499522;1.096221;1.197293;
5.168975;1.060133;1.045207;1.010591;1.017897;1.019891;1.070629;1.061473;1.089822;1.055846;1.050995;1.057188;1.055785;1.050885;1.035728;0.999851;229.715225;-16.297263;1.059015;1.432843;0.999839;37.882050;43.208815;1.048904;1.266848;0.999897;4.687454;23.622205;1.012008;1.102195;1.000019;1.683760;12.658968;1.070629;1.452151;0.999687;-1.924123;17.542410;1.096261;1.196482;
5.168975;1.060133;1.045208;1.010591;1.017898;1.019892;1.070630;1.061476;1.089828;1.055848;1.050998;1.057189;1.055786;1.050886;1.035730;0.999851;229.715355;-16.297671;1.059015;1.432841;0.999839;37.882132;43.208249;1.048904;1.266844;0.999897;4.687480;23.621892;1.012008;1.102191;1.000019;1.683748;12.658439;1.070630;1.452135;0.999687;-1.923966;17.544474;1.096263;1.196451;
5.168976;1.060133;1.045207;1.010591;1.017897;1.019891;1.070629;1.061473;1.089822;1.055846;1.050995;1.057188;1.055785;1.050885;1.035728;0.999851;229.715216;-16.297265;1.059015;1.432843;0.999839;37.882032;43.208810;1.048904;1.266848;0.999897;4.687456;23.622197;1.012008;1.102195;1.000019;1.683776;12.658914;1.070629;1.452152;0.999687;-1.924115;17.542474;1.096261;1.196483;
5.168977;1.060133;1.045207;1.010591;1.017897;1.019891;1.070629;1.061473;1.089822;1.055846;1.050995;1.057188;1.055785;1.050885;1.035728;0.999851;229.715215;-16.297265;1.059015;1.432843;0.999839;37.882027;43.208811;1.048904;1.266848;0.999897;4.687463;23.622195;1.012008;1.102195;1.000019;1.683787;12.658912;1.070629;1.452152;0.999687;-1.924125;17.542475;1.096261;1.196483;
5.168979;1.060133;1.045208;1.010591;1.017897;1.019891;1.070629;1.061473;1.089823;1.055846;1.050996;1.057188;1.055785;1.050885;1.035728;0.999851;229.715221;-16.297289;1.059015;1.432843;0.999839;37.882021;43.208778;1.048904;1.266848;0.999897;4.687478;23.622171;1.012008;1.102194;1.000019;1.683806;12.658879;1.070629;1.452151;0.999688;-1.924138;17.542600;1.096261;1.196481;
5.168983;1.060133;1.045207;1.010591;1.017897;1.019891;1.070629;1.061473;1.089822;1.055846;1.050995;1.057188;1.055785;1.050885;1.035728;0.999851;229.715207;-16.297264;1.059015;1.432843;0.999839;37.881993;43.208815;1.048904;1.266848;0.999897;4.687503;23.622181;1.012008;1.102195;1.000019;1.683847;12.658900;1.070629;1.452152;0.999688;-1.924189;17.542481;1.096261;1.196482;
5.168991;1.060133;1.045207;1.010591;1.017897;1.019891;1.070629;1.061473;1.089822;1.055846;1.050995;1.057188;1.055785;1.050885;1.035728;0.999851;229.715196;-16.297262;1.059015;1.432843;0.999839;37.881948;43.208820;1.048904;1.266848;0.999897;4.687557;23.622164;1.012008;1.102195;1.000019;1.683928;12.658885;1.070629;1.452152;0.999688;-1.924273;17.542490;1.096261;1.196482;
5.169007;1.060133;1.045207;1.010591;1.017897;1.019891;1.070629;1.061473;1.089822;1.055846;1.050995;1.057188;1.055785;1.050885;1.035728;0.999851;229.715175;-16.297258;1.059015;1.432843;0.999839;37.881859;43.208831;1.048904;1.266848;0.999897;4.687664;23.622128;1.012008;1.102195;1.000019;1.684090;12.658855;1.070629;1.452152;0.999688;-1.924442;17.542508;1.096261;1.196482;
5.169012;1.060133;1.045207;1.010591;1.017897;1.019891;1.070629;1.061473;1.089822;1.055846;1.050995;1.057188;1.055785;1.050885;1.035728;0.999851;229.715168;-16.297257;1.059015;1.432843;0.999839;37.881828;43.208835;1.048904;1.266848;0.999897;4.687702;23.622115;1.012008;1.102195;1.000019;1.684147;12.658845;1.070629;1.452152;0.999688;-1.924502;17.542514;1.096261;1.196482;
5.169012;1.060133;1.045207;1.010591;1.017897;1.019891;1.070629;1.061473;1.089822;1.055846;1.050995;1.057188;1.055785;1.050885;1.035728;0.999851;229.715168;-16.297257;1.059015;1.432843;0.999839;37.881828;43.208835;1.048904;1.266848;0.999897;4.687702;23.622115;1.012008;1.102195;1.000019;1.684147;12.658845;1.070629;1.452152;0.999688;-1.924502;17.542514;1.096261;1.196482;
5.169012;1.060133;1.045207;1.010591;1.017897;1.019891;1.070629;1.061473;1.089822;1.055846;1.050995;1.057188;1.055785;1.050885;1.035728;0.999851;229.715168;-16.297257;1.059015;1.432843;0.999839;37.881828;43.208835;1.048904;1.266848;0.999897;4.687702;23.622115;1.012008;1.102195;1.000019;1.684147;12.658845;1.070629;1.452152;0.999688;-1.924502;17.542514;1.096261;1.196482;
5.169039;1.060133;1.045207;1.010591;1.017897;1.019891;1.070629;1.061473;1.089822;1.055846;1.050995;1.057188;1.055785;1.050885;1.035728;0.999851;229.715134;-16.297250;1.059015;1.432843;0.999839;37.881681;43.208852;1.048904;1.266849;0.999897;4.687878;23.622056;1.012008;1.102195;1.000019;1.684414;12.658795;1.070629;1.452152;0.999688;-1.924780;17.542543;1.096261;1.196481;
5.169103;1.060133;1.045207;1.010591;1.017897;1.019891;1.070629;1.061472;1.089822;1.055846;1.050995;1.057188;1.055785;1.050885;1.035728;0.999851;229.715050;-16.297235;1.059015;1.432843;0.999839;37.881324;43.208896;1.048904;1.266849;0.999897;4.688306;23.621913;1.012008;1.102195;1.000019;1.685061;12.658675;1.070629;1.452152;0.999688;-1.925456;17.542613;1.096261;1.196480;
5.169231;1.060133;1.045207;1.010591;1.017897;1.019891;1.070629;1.061472;1.089822;1.055845;1.050995;1.057188;1.055785;1.050885;1.035728;0.999851;229.714883;-16.297204;1.059015;1.432844;0.999839;37.880612;43.208982;1.048904;1.266849;0.999897;4.689162;23.621628;1.012008;1.102196;1.000019;1.686353;12.658434;1.070629;1.452152;0.999688;-1.926805;17.542754;1.096261;1.196478;
5.169487;1.060133;1.045207;1.010591;1.017897;1.019891;1.070629;1.061472;1.089823;1.055845;1.050994;1.057187;1.055785;1.050884;1.035727;0.999851;229.714553;-16.297143;1.059015;1.432845;0.999839;37.879190;43.209156;1.048903;1.266850;0.999897;4.690869;23.621059;1.012008;1.102197;1.000018;1.688929;12.657953;1.070629;1.452153;0.999688;-1.929499;17.543036;1.096262;1.196473;
5.169999;1.060133;1.045207;1.010591;1.017897;1.019891;1.070629;1.061471;1.089823;1.055844;1.050993;1.057187;1.055785;1.050884;1.035726;0.999851;229.713904;-16.297020;1.059015;1.432846;0.999840;37.876360;43.209504;1.048903;1.266852;0.999897;4.694268;23.619925;1.012007;1.102199;1.000017;1.694049;12.656995;1.070629;1.452154;0.999689;-1.934862;17.543598;1.096262;1.196464;
5.171023;1.060133;1.045207;1.010591;1.017896;1.019891;1.070629;1.061470;1.089823;1.055841;1.050991;1.057185;1.055784;1.050883;1.035725;0.999851;229.712653;-16.296773;1.059014;1.432849;0.999840;37.870747;43.210207;1.048903;1.266857;0.999896;4.701006;23.617677;1.012007;1.102204;1.000015;1.704165;12.655089;1.070629;1.452157;0.999691;-1.945496;17.544722;1.096263;1.196444;
5.173071;1.060132;1.045206;1.010590;1.017894;1.019891;1.070628;1.061468;1.089824;1.055836;1.050987;1.057183;1.055784;1.050882;1.035722;0.999852;229.710344;-16.296279;1.059014;1.432855;0.999840;37.859717;43.211635;1.048903;1.266865;0.999896;4.714245;23.613264;1.012007;1.102214;1.000010;1.723891;12.651320;1.070628;1.452165;0.999694;-1.966391;17.546964;1.096265;1.196406;
5.177167;1.060132;1.045205;1.010590;1.017891;1.019891;1.070627;1.061463;1.089827;1.055827;1.050979;1.057177;1.055783;1.050879;1.035715;0.999853;229.706492;-16.295281;1.059014;1.432867;0.999841;37.838447;43.214582;1.048902;1.266883;0.999895;4.739773;23.604761;1.012006;1.102236;1.000001;1.761303;12.643966;1.070627;1.452189;0.999701;-2.006669;17.551422;1.096269;1.196328;
5.185359;1.060130;1.045203;1.010588;1.017884;1.019889;1.070623;1.061454;1.089831;1.055810;1.050962;1.057165;1.055779;1.050872;1.035702;0.999855;229.701854;-16.293256;1.059012;1.432893;0.999843;37.799098;43.220834;1.048900;1.266921;0.999893;4.787040;23.589044;1.012003;1.102288;0.999983;1.827823;12.630029;1.070623;1.452271;0.999715;-2.081092;17.560218;1.096277;1.196168;
5.201743;1.060127;1.045197;1.010583;1.017869;1.019882;1.070608;1.061438;1.089842;1.055779;1.050933;1.057141;1.055765;1.050854;1.035676;0.999859;229.704804;-16.289123;1.059009;1.432951;0.999846;37.733342;43.234692;1.048896;1.267008;0.999890;4.866521;23.562721;1.011996;1.102418;0.999945;1.926872;12.605538;1.070608;1.452561;0.999745;-2.204827;17.577197;1.096293;1.195836;
5.234511;1.060119;1.045184;1.010567;1.017834;1.019854;1.070557;1.061414;1.089866;1.055734;1.050885;1.057090;1.055715;1.050802;1.035629;0.999868;229.758164;-16.280891;1.059002;1.433091;0.999853;37.653496;43.267110;1.048885;1.267216;0.999883;4.966025;23.529982;1.011978;1.102781;0.999867;1.988467;12.571702;1.070557;1.453589;0.999804;-2.350342;17.607776;1.096328;1.195138;
5.300047;1.060101;1.045152;1.010513;1.017760;1.019757;1.070396;1.061399;1.089920;1.055713;1.050844;1.056995;1.055563;1.050667;1.035561;0.999884;230.028047;-16.268494;1.058985;1.433429;0.999867;37.680129;43.343685;1.048860;1.267726;0.999869;4.933100;23.538570;1.011925;1.103855;0.999731;1.637559;12.566320;1.070396;1.456815;0.999918;-2.263969;17.650585;1.096398;1.193753;
5.356420;1.060085;1.045122;1.010447;1.017700;1.019651;1.070228;1.061420;1.089966;1.055761;1.050864;1.056935;1.055405;1.050542;1.035536;0.999895;230.395122;-16.266209;1.058970;1.433742;0.999879;37.866252;43.414537;1.048836;1.268207;0.999857;4.665280;23.618351;1.011863;1.105083;0.999656;0.962137;12.619730;1.070229;1.460157;1.000000;-1.853351;17.665707;1.096449;1.192721;
5.356420;1.060085;1.045122;1.010447;1.017700;1.019651;1.070228;1.061420;1.089966;1.055761;1.050864;1.056935;1.055405;1.050542;1.035536;0.999895;230.395122;-16.266209;1.058970;1.433742;0.999879;37.866252;43.414537;1.048836;1.268207;0.999857;4.665280;23.618351;1.011863;1.105083;0.999656;0.962137;12.619730;1.070229;1.460157;1.000000;-1.853351;17.665707;1.096449;1.192721;
5.356420;1.060085;1.045122;1.010447;1.017700;1.019651;1.070228;1.061420;1.089966;1.055761;1.050864;1.056935;1.055405;1.050542;1.035536;0.999895;230.395122;-16.266209;1.058970;1.433742;0.999879;37.866252;43.414537;1.048836;1.268207;0.999857;4.665280;23.618351;1.011863;1.105083;0.999656;0.962137;12.619730;1.070229;1.460157;1.000000;-1.853351;17.665707;1.096449;1.192721;
5.356481;1.060085;1.045122;1.010446;1.017700;1.019651;1.070228;1.061420;1.089966;1.055761;1.050864;1.056935;1.055405;1.050542;1.035536;0.999896;230.395587;-16.266210;1.058970;1.433742;0.999879;37.866535;43.414616;1.048836;1.268207;0.999857;4.664870;23.618474;1.011863;1.105084;0.999656;0.961218;12.619817;1.070228;1.460161;1.000000;-1.852738;17.665713;1.096449;1.192719;
5.356481;1.060085;1.045121;1.010446;1.017699;1.019650;1.070225;1.061420;1.089966;1.055760;1.050863;1.056932;1.055402;1.050539;1.035534;0.999896;230.395394;-16.265905;1.058970;1.433745;0.999879;37.866412;43.415165;1.048835;1.268211;0.999857;4.664882;23.618698;1.011863;1.105086;0.999656;0.961165;12.618169;1.070227;1.460192;1.000000;-1.852759;17.666142;1.096449;1.192723;
5.356481;1.060085;1.045121;1.010446;1.017699;1.019650;1.070225;1.061420;1.089966;1.055760;1.050863;1.056932;1.055402;1.050539;1.035534;0.999896;230.395394;-16.265905;1.058970;1.433745;0.999879;37.866412;43.415165;1.048835;1.268211;0.999857;4.664882;23.618698;1.011863;1.105086;0.999656;0.961165;12.618169;1.070227;1.460192;1.000000;-1.852759;17.666142;1.096449;1.192723;
5.356481;1.060085;1.045121;1.010446;1.017699;1.019650;1.070225;1.061420;1.089966;1.055760;1.050863;1.056932;1.055402;1.050539;1.035534;0.999896;230.395394;-16.265905;1.058970;1.433745;0.999879;37.866412;43.415165;1.048835;1.268211;0.999857;4.664882;23.618698;1.011863;1.105086;0.999656;0.961165;12.618169;1.070227;1.460192;1.000000;-1.852759;17.666142;1.096449;1.192723;
5.356482;1.060085;1.045122;1.010447;1.017700;1.019651;1.070229;1.061421;1.089966;1.055761;1.050865;1.056935;1.055406;1.050542;1.035536;0.999896;230.395637;-16.266303;1.058970;1.433742;0.999879;37.866571;43.414479;1.048836;1.268207;0.999857;4.664864;23.618392;1.011863;1.105084;0.999656;0.961220;12.620113;1.070229;1.460155;1.000000;-1.852724;17.665778;1.096450;1.192715;
5.356483;1.060085;1.045122;1.010446;1.017700;1.019651;1.070229;1.061421;1.089966;1.055761;1.050865;1.056935;1.055406;1.050542;1.035536;0.999896;230.395644;-16.266303;1.058970;1.433742;0.999879;37.866576;43.414481;1.048836;1.268207;0.999857;4.664857;23.618394;1.011863;1.105084;0.999656;0.961205;12.620114;1.070229;1.460155;1.000000;-1.852714;17.665778;1.096450;1.192715;
5.356485;1.060085;1.045122;1.010446;1.017700;1.019651;1.070228;1.061421;1.089966;1.055761;1.050865;1.056935;1.055405;1.050542;1.035536;0.999896;230.395645;-16.266279;1.058970;1.433742;0.999879;37.866576;43.414525;1.048836;1.268207;0.999857;4.664844;23.618417;1.011863;1.105084;0.999656;0.961170;12.619998;1.070229;1.460157;1.000000;-1.852695;17.665801;1.096449;1.192716;
5.356489;1.060085;1.045122;1.010446;1.017700;1.019651;1.070229;1.061421;1.089966;1.055761;1.050865;1.056935;1.055406;1.050542;1.035536;0.999896;230.395691;-16.266303;1.058970;1.433742;0.999879;37.866604;43.414489;1.048836;1.268207;0.999857;4.664816;23.618406;1.011863;1.105084;0.999656;0.961112;12.620123;1.070229;1.460155;1.000000;-1.852652;17.665779;1.096450;1.192715;
5.356497;1.060085;1.045122;1.010446;1.017700;1.019651;1.070229;1.061421;1.089966;1.055761;1.050865;1.056935;1.055406;1.050542;1.035536;0.999896;230.395753;-16.266303;1.058970;1.433742;0.999879;37.866642;43.414499;1.048836;1.268207;0.999857;4.664762;23.618423;1.011863;1.105084;0.999656;0.960988;12.620135;1.070229;1.460156;1.000000;-1.852570;17.665780;1.096450;1.192715;
5.356513;1.060085;1.045122;1.010446;1.017700;1.019651;1.070229;1.061421;1.089966;1.055761;1.050865;1.056935;1.055405;1.050542;1.035536;0.999896;230.395877;-16.266304;1.058970;1.433742;0.999879;37.866719;43.414520;1.048836;1.268207;0.999857;4.664654;23.618455;1.011863;1.105085;0.999656;0.960741;12.620158;1.070229;1.460157;1.000000;-1.852406;17.665781;1.096450;1.192715;
5.356545;1.060085;1.045122;1.010446;1.017700;1.019651;1.070229;1.061421;1.089966;1.055761;1.050865;1.056935;1.055405;1.050542;1.035536;0.999896;230.396125;-16.266304;1.058970;1.433742;0.999879;37.866871;43.414563;1.048836;1.268207;0.999857;4.664438;23.618520;1.011863;1.105085;0.999656;0.960245;12.620205;1.070229;1.460159;1.000000;-1.852077;17.665785;1.096450;1.192714;
5.356609;1.060085;1.045122;1.010446;1.017700;1.019651;1.070228;1.061421;1.089966;1.055761;1.050865;1.056935;1.055405;1.050542;1.035536;0.999896;230.396621;-16.266305;1.058970;1.433743;0.999879;37.867176;43.414648;1.048836;1.268208;0.999857;4.664006;23.618651;1.011863;1.105087;0.999656;0.959254;12.620299;1.070228;1.460163;1.000000;-1.851420;17.665791;1.096450;1.192713;
5.356737;1.060085;1.045122;1.010446;1.017700;1.019651;1.070228;1.061421;1.089966;1.055762;1.050865;1.056935;1.055405;1.050542;1.035536;0.999896;230.397613;-16.266307;1.058970;1.433743;0.999879;37.867786;43.414817;1.048836;1.268209;0.999857;4.663141;23.618911;1.011863;1.105090;0.999656;0.957272;12.620487;1.070228;1.460172;1.000000;-1.850105;17.665804;1.096450;1.192711;
5.356993;1.060085;1.045121;1.010446;1.017700;1.019650;1.070227;1.061421;1.089967;1.055762;1.050865;1.056935;1.055404;1.050541;1.035536;0.999896;230.399599;-16.266311;1.058970;1.433745;0.999879;37.869007;43.415156;1.048835;1.268211;0.999857;4.661408;23.619434;1.011863;1.105096;0.999656;0.953303;12.620864;1.070227;1.460188;1.000001;-1.847470;17.665830;1.096450;1.192706;
5.357505;1.060084;1.045121;1.010445;1.017699;1.019649;1.070225;1.061421;1.089967;1.055763;1.050866;1.056934;1.055402;1.050540;1.035536;0.999896;230.403577;-16.266319;1.058970;1.433748;0.999879;37.871458;43.415834;1.048835;1.268216;0.999857;4.657929;23.620483;1.011862;1.105109;0.999655;0.945353;12.621621;1.070225;1.460222;1.000001;-1.842185;17.665881;1.096450;1.192698;
5.358529;1.060084;1.045121;1.010444;1.017698;1.019647;1.070222;1.061422;1.089968;1.055764;1.050866;1.056933;1.055399;1.050537;1.035536;0.999896;230.411554;-16.266338;1.058969;1.433754;0.999879;37.876387;43.417188;1.048835;1.268225;0.999857;4.650917;23.622595;1.011861;1.105134;0.999654;0.929398;12.623146;1.070222;1.460290;1.000003;-1.831554;17.665976;1.096451;1.192680;
5.360577;1.060084;1.045119;1.010441;1.017696;1.019642;1.070215;1.061423;1.089970;1.055767;1.050868;1.056931;1.055393;1.050533;1.035536;0.999896;230.427589;-16.266390;1.058969;1.433766;0.999879;37.886360;43.419893;1.048834;1.268244;0.999857;4.636682;23.626879;1.011858;1.105185;0.999652;0.897280;12.626242;1.070215;1.460425;1.000005;-1.810049;17.666146;1.096453;1.192645;
5.364673;1.060082;1.045117;1.010435;1.017692;1.019634;1.070202;1.061426;1.089973;1.055773;1.050872;1.056928;1.055380;1.050523;1.035535;0.999897;230.459976;-16.266541;1.058967;1.433790;0.999880;37.906743;43.425287;1.048832;1.268281;0.999856;4.607370;23.635683;1.011853;1.105287;0.999648;0.832257;12.632617;1.070202;1.460694;1.000011;-1.766091;17.666401;1.096457;1.192575;
5.372865;1.060080;1.045112;1.010424;1.017684;1.019616;1.070175;1.061433;1.089980;1.055786;1.050880;1.056921;1.055355;1.050504;1.035535;0.999899;230.525912;-16.267053;1.058965;1.433837;0.999882;37.949157;43.435988;1.048828;1.268354;0.999854;4.545394;23.654214;1.011843;1.105494;0.999642;0.699464;12.646051;1.070175;1.461226;1.000021;-1.674580;17.666572;1.096463;1.192441;
5.389249;1.060075;1.045103;1.010400;1.017669;1.019582;1.070124;1.061447;1.089993;1.055816;1.050899;1.056910;1.055307;1.050469;1.035537;0.999902;230.661568;-16.268981;1.058960;1.433929;0.999885;38.039688;43.456909;1.048821;1.268498;0.999851;4.408173;23.694846;1.011821;1.105920;0.999633;0.426115;12.675304;1.070124;1.462256;1.000040;-1.478853;17.665579;1.096476;1.192193;
5.422017;1.060067;1.045087;1.010350;1.017646;1.019520;1.070032;1.061480;1.090016;1.055884;1.050948;1.056900;1.055221;1.050409;1.035552;0.999907;230.941285;-16.276967;1.058952;1.434095;0.999890;38.236706;43.495815;1.048808;1.268765;0.999846;4.082238;23.789289;1.011777;1.106808;0.999632;-0.126037;12.740276;1.070032;1.464092;1.000070;-1.050558;17.658531;1.096496;1.191785;
5.487553;1.060058;1.045061;1.010243;1.017635;1.019437;1.069916;1.061562;1.090048;1.056036;1.051068;1.056921;1.055113;1.050347;1.035614;0.999915;231.488528;-16.311413;1.058941;1.434323;0.999900;38.649138;43.556294;1.048787;1.269176;0.999837;3.246447;24.021706;1.011684;1.108667;0.999690;-1.077431;12.871674;1.069916;1.466414;1.000098;-0.155933;17.628096;1.096517;1.191362;
5.553089;1.060063;1.045052;1.010132;1.017690;1.019457;1.069949;1.061646;1.090052;1.056172;1.051193;1.057010;1.055147;1.050402;1.035714;0.999920;231.932261;-16.379427;1.058941;1.434313;0.999907;39.023250;43.577492;1.048781;1.269305;0.999834;2.145386;24.312831;1.011591;1.110524;0.999815;-1.437475;12.954109;1.069949;1.465743;1.000070;0.569039;17.578820;1.096503;1.191648;
5.612071;1.060073;1.045052;1.010038;1.017757;1.019519;1.070040;1.061702;1.090040;1.056252;1.051275;1.057098;1.055235;1.050491;1.035797;0.999922;232.248868;-16.449657;1.058947;1.434208;0.999911;39.315446;43.580347;1.048781;1.269303;0.999834;1.114546;24.584729;1.011513;1.112077;0.999920;-1.370127;12.979032;1.070040;1.463935;1.000027;0.996395;17.537057;1.096476;1.192189;
5.643390;1.060080;1.045054;1.009993;1.017792;1.019561;1.070101;1.061717;1.090027;1.056268;1.051298;1.057137;1.055293;1.050543;1.035829;0.999923;232.382059;-16.486847;1.058950;1.434131;0.999913;39.455278;43.577899;1.048782;1.269272;0.999836;0.585826;24.727169;1.011477;1.112810;0.999960;-1.181361;12.969185;1.070101;1.462709;1.000000;1.099085;17.519519;1.096457;1.192574;
5.643390;1.060080;1.045054;1.009993;1.017792;1.019561;1.070101;1.061717;1.090027;1.056268;1.051298;1.057137;1.055293;1.050543;1.035829;0.999923;232.382059;-16.486847;1.058950;1.434131;0.999913;39.455278;43.577899;1.048782;1.269272;0.999836;0.585826;24.727169;1.011477;1.112810;0.999960;-1.181361;12.969185;1.070101;1.462709;1.000000;1.099085;17.519519;1.096457;1.192574;
5.643391;1.060080;1.045054;1.009993;1.017792;1.019562;1.070101;1.061717;1.090027;1.056268;1.051298;1.057137;1.055294;1.050543;1.035829;0.999923;232.382091;-16.486882;1.058950;1.434131;0.999913;39.455294;43.577830;1.048782;1.269272;0.999836;0.585821;24.727198;1.011477;1.112809;0.999960;-1.181361;12.969278;1.070101;1.462708;1.000000;1.099099;17.519521;1.096457;1.192574;
5.643392;1.060080;1.045054;1.009993;1.017792;1.019562;1.070101;1.061717;1.090027;1.056268;1.051298;1.057137;1.055294;1.050543;1.035829;0.999923;232.382096;-16.486884;1.058950;1.434131;0.999913;39.455299;43.577830;1.048782;1.269272;0.999836;0.585804;24.727203;1.011477;1.112809;0.999960;-1.181357;12.969278;1.070101;1.462708;1.000000;1.099104;17.519520;1.096457;1.192574;
5.643394;1.060080;1.045054;1.009993;1.017792;1.019562;1.070101;1.061717;1.090028;1.056268;1.051298;1.057137;1.055294;1.050543;1.035829;0.999923;232.382117;-16.486901;1.058950;1.434131;0.999913;39.455313;43.577800;1.048782;1.269271;0.999836;0.585775;24.727223;1.011477;1.112809;0.999960;-1.181351;12.969318;1.070101;1.462707;1.000000;1.099117;17.519520;1.096457;1.192574;
5.643398;1.060080;1.045054;1.009993;1.017792;1.019562;1.070101;1.061717;1.090027;1.056268;1.051298;1.057137;1.055294;1.050543;1.035829;0.999923;232.382125;-16.486891;1.058950;1.434131;0.999913;39.455327;43.577830;1.048782;1.269272;0.999836;0.585702;24.727230;1.011477;1.112809;0.999960;-1.181334;12.969278;1.070101;1.462708;1.000000;1.099134;17.519516;1.096457;1.192574;
5.643406;1.060080;1.045054;1.009993;1.017792;1.019562;1.070101;1.061717;1.090027;1.056268;1.051298;1.057137;1.055294;1.050543;1.035829;0.999923;232.382163;-16.486900;1.058950;1.434131;0.999913;39.455365;43.577830;1.048782;1.269272;0.999836;0.585565;24.727267;1.011477;1.112809;0.999960;-1.181304;12.969279;1.070101;1.462707;1.000000;1.099174;17.519511;1.096457;1.192574;
5.643422;1.060080;1.045054;1.009993;1.017792;1.019562;1.070101;1.061717;1.090027;1.056268;1.051298;1.057137;1.055294;1.050543;1.035829;0.999923;232.382239;-16.486919;1.058950;1.434131;0.999913;39.455440;43.577829;1.048782;1.269272;0.999836;0.585291;24.727340;1.011477;1.112810;0.999960;-1.181244;12.969279;1.070101;1.462707;1.000000;1.099255;17.519502;1.096457;1.192574;
5.643454;1.060080;1.045054;1.009993;1.017792;1.019562;1.070101;1.061717;1.090027;1.056268;1.051298;1.057137;1.055294;1.050543;1.035829;0.999923;232.382391;-16.486957;1.058950;1.434131;0.999913;39.455590;43.577829;1.048782;1.269272;0.999836;0.584744;24.727487;1.011477;1.112811;0.999960;-1.181123;12.969280;1.070101;1.462706;1.000000;1.099417;17.519482;1.096457;1.192575;
5.643490;1.060080;1.045054;1.009993;1.017792;1.019562;1.070101;1.061717;1.090027;1.056268;1.051298;1.057137;1.055294;1.050543;1.035829;0.999923;232.382561;-16.486999;1.058950;1.434131;0.999913;39.455757;43.577829;1.048782;1.269272;0.999836;0.584135;24.727650;1.011477;1.112811;0.999960;-1.180989;12.969281;1.070101;1.462704;1.000000;1.099597;17.519460;1.096457;1.192575;
5.643490;1.060080;1.045054;1.009993;1.017792;1.019562;1.070101;1.061717;1.090027;1.056268;1.051298;1.057137;1.055294;1.050543;1.035829;0.999923;232.382561;-16.486999;1.058950;1.434131;0.999913;39.455757;43.577829;1.048782;1.269272;0.999836;0.584135;24.727650;1.011477;1.112811;0.999960;-1.180989;12.969281;1.070101;1.462704;1.000000;1.099597;17.519460;1.096457;1.192575;
5.643490;1.060080;1.045054;1.009993;1.017792;1.019562;1.070101;1.061717;1.090027;1.056268;1.051298;1.057137;1.055294;1.050543;1.035829;0.999923;232.382561;-16.486999;1.058950;1.434131;0.999913;39.455757;43.577829;1.048782;1.269272;0.999836;0.584135;24.727650;1.011477;1.112811;0.999960;-1.180989;12.969281;1.070101;1.462704;1.000000;1.099597;17.519460;1.096457;1.192575;
5.643518;1.060080;1.045054;1.009993;1.017792;1.019562;1.070101;1.061717;1.090027;1.056268;1.051298;1.057137;1.055294;1.050543;1.035829;0.999923;232.382696;-16.487032;1.058950;1.434130;0.999913;39.455890;43.577828;1.048782;1.269272;0.999836;0.583650;24.727780;1.011477;1.112812;0.999961;-1.180882;12.969281;1.070101;1.462703;1.000000;1.099741;17.519442;1.096457;1.192575;
5.643646;1.060080;1.045054;1.009993;1.017793;1.019562;1.070101;1.061717;1.090027;1.056268;1.051298;1.057138;1.055294;1.050544;1.035829;0.999923;232.383306;-16.487183;1.058950;1.434130;0.999913;39.456491;43.577827;1.048782;1.269271;0.999836;0.581462;24.728366;1.011477;1.112815;0.999961;-1.180398;12.969284;1.070101;1.462699;1.000000;1.100386;17.519363;1.096456;1.192577;
5.643902;1.060080;1.045054;1.009992;1.017793;1.019562;1.070102;1.061718;1.090027;1.056269;1.051298;1.057138;1.055295;1.050544;1.035829;0.999923;232.384524;-16.487485;1.058950;1.434130;0.999913;39.457692;43.577824;1.048782;1.269271;0.999836;0.577085;24.729538;1.011476;1.112822;0.999961;-1.179425;12.969290;1.070102;1.462690;1.000000;1.101675;17.519205;1.096456;1.192580;
5.644414;1.060080;1.045054;1.009992;1.017793;1.019563;1.070103;1.061718;1.090027;1.056269;1.051299;1.057139;1.055295;1.050545;1.035830;0.999923;232.386955;-16.488089;1.058950;1.434129;0.999913;39.460092;43.577818;1.048782;1.269271;0.999836;0.568331;24.731883;1.011476;1.112834;0.999962;-1.177461;12.969298;1.070103;1.462672;0.999999;1.104239;17.518888;1.096456;1.192585;
5.645438;1.060080;1.045054;1.009990;1.017795;1.019564;1.070105;1.061719;1.090027;1.056270;1.051300;1.057140;1.055297;1.050546;1.035831;0.999923;232.391803;-16.489298;1.058951;1.434126;0.999914;39.464884;43.577804;1.048782;1.269271;0.999836;0.550825;24.736573;1.011474;1.112859;0.999963;-1.173458;12.969304;1.070105;1.462636;0.999998;1.109316;17.518258;1.096455;1.192596;
5.647486;1.060081;1.045054;1.009987;1.017797;1.019567;1.070108;1.061720;1.090026;1.056272;1.051302;1.057143;1.055301;1.050550;1.035833;0.999923;232.401432;-16.491720;1.058951;1.434122;0.999914;39.474437;43.577764;1.048783;1.269269;0.999836;0.515818;24.745954;1.011472;1.112910;0.999966;-1.165157;12.969275;1.070108;1.462563;0.999997;1.119262;17.517002;1.096454;1.192619;
5.651582;1.060082;1.045054;1.009981;1.017801;1.019572;1.070116;1.061723;1.090025;1.056275;1.051306;1.057148;1.055308;1.050556;1.035838;0.999923;232.420431;-16.496574;1.058951;1.434113;0.999914;39.493418;43.577647;1.048783;1.269267;0.999836;0.445841;24.764719;1.011467;1.113010;0.999972;-1.147388;12.969053;1.070116;1.462415;0.999993;1.138322;17.514515;1.096452;1.192665;
5.659774;1.060083;1.045054;1.009969;1.017811;1.019582;1.070131;1.061728;1.090022;1.056281;1.051313;1.057159;1.055322;1.050570;1.035847;0.999923;232.457411;-16.506313;1.058952;1.434094;0.999914;39.530897;43.577270;1.048783;1.269261;0.999837;0.306131;24.802242;1.011457;1.113208;0.999984;-1.107314;12.967956;1.070131;1.462109;0.999987;1.173105;17.509651;1.096447;1.192759;
5.676158;1.060087;1.045055;1.009945;1.017829;1.019605;1.070163;1.061736;1.090015;1.056290;1.051325;1.057180;1.055353;1.050598;1.035864;0.999924;232.527462;-16.525819;1.058954;1.434053;0.999915;39.604065;43.576034;1.048784;1.269245;0.999838;0.028503;24.877110;1.011438;1.113594;1.000006;-1.010194;12.963226;1.070163;1.461465;0.999972;1.229324;17.500430;1.096438;1.192955;
5.687127;1.060089;1.045056;1.009929;1.017841;1.019620;1.070185;1.061740;1.090011;1.056294;1.051332;1.057193;1.055374;1.050616;1.035874;0.999924;232.571786;-16.538747;1.058956;1.434025;0.999916;39.651991;43.574997;1.048784;1.269232;0.999838;-0.154827;24.926883;1.011425;1.113844;1.000019;-0.934680;12.958337;1.070185;1.461022;0.999963;1.257292;17.494727;1.096431;1.193091;
5.687127;1.060089;1.045056;1.009929;1.017841;1.019620;1.070185;1.061740;1.090011;1.056294;1.051332;1.057193;1.055374;1.050616;1.035874;0.999924;232.571786;-16.538747;1.058956;1.434025;0.999916;39.651991;43.574997;1.048784;1.269232;0.999838;-0.154827;24.926883;1.011425;1.113844;1.000019;-0.934680;12.958337;1.070185;1.461022;0.999963;1.257292;17.494727;1.096431;1.193091;
5.687127;1.060089;1.045056;1.009929;1.017841;1.019620;1.070185;1.061740;1.090011;1.056294;1.051332;1.057193;1.055374;1.050616;1.035874;0.999924;232.571786;-16.538747;1.058956;1.434025;0.999916;39.651991;43.574997;1.048784;1.269232;0.999838;-0.154827;24.926883;1.011425;1.113844;1.000019;-0.934680;12.958337;1.070185;1.461022;0.999963;1.257292;17.494727;1.096431;1.193091;
5.687197;1.060089;1.045056;1.009929;1.017841;1.019620;1.070185;1.061740;1.090011;1.056294;1.051332;1.057193;1.055374;1.050616;1.035874;0.999924;232.572063;-16.538829;1.058956;1.434025;0.999916;39.652294;43.574990;1.048784;1.269232;0.999838;-0.155993;24.927201;1.011425;1.113845;1.000019;-0.934170;12.958302;1.070185;1.461020;0.999963;1.257446;17.494692;1.096431;1.193092;
5.687197;1.060089;1.045056;1.009929;1.017841;1.019620;1.070185;1.061740;1.090011;1.056294;1.051332;1.057193;1.055374;1.050616;1.035874;0.999924;232.572063;-16.538829;1.058956;1.434025;0.999916;39.652294;43.574990;1.048784;1.269232;0.999838;-0.155993;24.927201;1.011425;1.113845;1.000019;-0.934170;12.958302;1.070185;1.461020;0.999963;1.257446;17.494692;1.096431;1.193092;
5.687198;1.060089;1.045056;1.009929;1.017841;1.019620;1.070185;1.061740;1.090011;1.056294;1.051332;1.057193;1.055374;1.050616;1.035874;0.999924;232.572067;-16.538831;1.058956;1.434025;0.999916;39.652299;43.574989;1.048784;1.269232;0.999838;-0.156010;24.927204;1.011425;1.113845;1.000019;-0.934161;12.958307;1.070185;1.461019;0.999963;1.257448;17.494688;1.096431;1.193092;
5.687199;1.060089;1.045056;1.009929;1.017841;1.019620;1.070185;1.061740;1.090011;1.056294;1.051332;1.057193;1.055374;1.050616;1.035874;0.999924;232.572071;-16.538832;1.058956;1.434025;0.999916;39.652303;43.574989;1.048784;1.269232;0.999838;-0.156027;24.927209;1.011425;1.113845;1.000019;-0.934154;12.958306;1.070185;1.461019;0.999963;1.257450;17.494687;1.096431;1.193092;
5.687201;1.060089;1.045056;1.009929;1.017841;1.019621;1.070185;1.061740;1.090011;1.056294;1.051332;1.057193;1.055374;1.050616;1.035874;0.999924;232.572079;-16.538835;1.058956;1.434025;0.999916;39.652312;43.574989;1.048784;1.269232;0.999838;-0.156060;24.927217;1.011425;1.113845;1.000019;-0.934139;12.958307;1.070185;1.461019;0.999963;1.257454;17.494684;1.096431;1.193092;
5.687205;1.060089;1.045056;1.009929;1.017841;1.019621;1.070185;1.061740;1.090011;1.056294;1.051332;1.057193;1.055374;1.050616;1.035874;0.999924;232.572095;-16.538839;1.058956;1.434025;0.999916;39.652329;43.574989;1.048784;1.269232;0.999838;-0.156127;24.927236;1.011425;1.113845;1.000019;-0.934109;12.958303;1.070185;1.461019;0.999963;1.257463;17.494684;1.096431;1.193092;
5.687213;1.060089;1.045056;1.009929;1.017841;1.019621;1.070185;1.061740;1.090011;1.056294;1.051332;1.057193;1.055375;1.050616;1.035874;0.999924;232.572126;-16.538849;1.058956;1.434025;0.999916;39.652363;43.574988;1.048784;1.269232;0.999838;-0.156261;24.927272;1.011425;1.113846;1.000019;-0.934050;12.958299;1.070185;1.461019;0.999963;1.257481;17.494680;1.096431;1.193092;
5.687229;1.060089;1.045056;1.009929;1.017841;1.019621;1.070186;1.061740;1.090011;1.056294;1.051332;1.057193;1.055375;1.050616;1.035874;0.999924;232.572189;-16.538868;1.058956;1.434025;0.999916;39.652432;43.574986;1.048784;1.269232;0.999838;-0.156528;24.927345;1.011425;1.113846;1.000019;-0.933930;12.958290;1.070186;1.461018;0.999963;1.257515;17.494672;1.096431;1.193092;
5.687261;1.060089;1.045056;1.009929;1.017841;1.019621;1.070186;1.061740;1.090011;1.056294;1.051332;1.057194;1.055375;1.050616;1.035874;0.999924;232.572314;-16.538906;1.058956;1.434025;0.999916;39.652570;43.574982;1.048784;1.269232;0.999838;-0.157063;24.927490;1.011425;1.113847;1.000019;-0.933692;12.958274;1.070186;1.461017;0.999963;1.257585;17.494655;1.096431;1.193093;
5.687325;1.060089;1.045056;1.009929;1.017841;1.019621;1.070186;1.061740;1.090011;1.056294;1.051332;1.057194;1.055375;1.050616;1.035874;0.999924;232.572565;-16.538982;1.058956;1.434025;0.999916;39.652846;43.574975;1.048784;1.269232;0.999838;-0.158133;24.927781;1.011425;1.113848;1.000019;-0.933214;12.958240;1.070186;1.461014;0.999963;1.257723;17.494623;1.096431;1.193093;
5.687453;1.060089;1.045056;1.009929;1.017842;1.019621;1.070186;1.061741;1.090010;1.056294;1.051332;1.057194;1.055375;1.050617;1.035874;0.999924;232.573066;-16.539134;1.058956;1.434025;0.999916;39.653397;43.574960;1.048784;1.269232;0.999838;-0.160273;24.928362;1.011425;1.113851;1.000019;-0.932258;12.958173;1.070186;1.461009;0.999963;1.257999;17.494557;1.096431;1.193095;
5.687709;1.060089;1.045056;1.009928;1.017842;1.019621;1.070187;1.061741;1.090010;1.056294;1.051332;1.057194;1.055376;1.050617;1.035874;0.999924;232.574067;-16.539437;1.058956;1.434024;0.999916;39.654499;43.574931;1.048784;1.269232;0.999838;-0.164553;24.929525;1.011425;1.113857;1.000020;-0.930342;12.958038;1.070187;1.460998;0.999962;1.258548;17.494427;1.096430;1.193098;
5.688221;1.060089;1.045056;1.009928;1.017842;1.019622;1.070188;1.061741;1.090010;1.056294;1.051332;1.057195;1.055377;1.050618;1.035875;0.999924;232.576065;-16.540044;1.058956;1.434023;0.999916;39.656701;43.574871;1.048784;1.269231;0.999838;-0.173108;24.931850;1.011424;1.113868;1.000020;-0.926497;12.957765;1.070188;1.460977;0.999962;1.259633;17.494167;1.096430;1.193105;
5.689245;1.060089;1.045056;1.009926;1.017844;1.019624;1.070190;1.061741;1.090010;1.056295;1.051333;1.057196;1.055379;1.050620;1.035876;0.999924;232.580049;-16.541258;1.058956;1.434020;0.999916;39.661099;43.574751;1.048784;1.269230;0.999838;-0.190205;24.936499;1.011423;1.113891;1.000021;-0.918749;12.957211;1.070190;1.460934;0.999961;1.261750;17.493648;1.096429;1.193118;
5.691293;1.060090;1.045056;1.009923;1.017846;1.019627;1.070194;1.061742;1.090009;1.056295;1.051334;1.057198;1.055383;1.050623;1.035877;0.999924;232.587961;-16.543683;1.058956;1.434014;0.999916;39.669874;43.574506;1.048785;1.269227;0.999839;-0.224345;24.945788;1.011420;1.113937;1.000024;-0.903031;12.956067;1.070194;1.460848;0.999959;1.265780;17.492622;1.096428;1.193144;
5.695389;1.060091;1.045057;1.009918;1.017850;1.019633;1.070203;1.061743;1.090007;1.056296;1.051336;1.057203;1.055391;1.050630;1.035881;0.999924;232.603569;-16.548521;1.058957;1.434003;0.999917;39.687334;43.574001;1.048785;1.269222;0.999839;-0.292395;24.964333;1.011416;1.114028;1.000028;-0.870724;12.953635;1.070203;1.460675;0.999956;1.273020;17.490610;1.096425;1.193197;
5.703581;1.060093;1.045057;1.009907;1.017859;1.019645;1.070220;1.061745;1.090003;1.056297;1.051339;1.057212;1.055408;1.050645;1.035887;0.999924;232.633953;-16.558133;1.058958;1.433981;0.999917;39.721923;43.572936;1.048785;1.269210;0.999840;-0.427474;25.001273;1.011407;1.114207;1.000037;-0.802817;12.948215;1.070220;1.460327;0.999948;1.284250;17.486755;1.096420;1.193303;
5.719965;1.060096;1.045059;1.009885;1.017876;1.019670;1.070255;1.061748;1.089995;1.056296;1.051342;1.057229;1.055441;1.050672;1.035898;0.999925;232.691654;-16.577005;1.058960;1.433936;0.999918;39.789979;43.570693;1.048787;1.269187;0.999841;-0.692769;25.074406;1.011390;1.114553;1.000052;-0.655476;12.935295;1.070255;1.459629;0.999934;1.294067;17.479775;1.096409;1.193520;
5.752733;1.060103;1.045061;1.009844;1.017906;1.019717;1.070322;1.061747;1.089976;1.056283;1.051339;1.057256;1.055504;1.050723;1.035912;0.999925;232.797167;-16.612568;1.058964;1.433851;0.999919;39.923359;43.566565;1.048789;1.269142;0.999845;-1.197837;25.216557;1.011358;1.115191;1.000071;-0.329071;12.902639;1.070322;1.458297;0.999905;1.267058;17.469048;1.096387;1.193960;
5.818269;1.060113;1.045063;1.009777;1.017937;1.019788;1.070422;1.061717;1.089936;1.056220;1.051296;1.057273;1.055598;1.050791;1.035904;0.999924;232.987789;-16.670091;1.058970;1.433737;0.999921;40.191255;43.565108;1.048791;1.269099;0.999854;-2.064490;25.475925;1.011306;1.116229;1.000070;0.333891;12.824485;1.070422;1.456297;0.999857;1.069182;17.461499;1.096344;1.194817;
5.883805;1.060116;1.045060;1.009729;1.017923;1.019811;1.070460;1.061656;1.089894;1.056120;1.051213;1.057240;1.055632;1.050801;1.035851;0.999923;233.171572;-16.705433;1.058970;1.433730;0.999921;40.469744;43.577367;1.048788;1.269151;0.999866;-2.698720;25.691983;1.011271;1.116922;1.000021;0.877000;12.747962;1.070460;1.455534;0.999824;0.741236;17.471807;1.096306;1.195586;
5.885978;1.060116;1.045059;1.009728;1.017921;1.019811;1.070460;1.061654;1.089892;1.056117;1.051210;1.057239;1.055632;1.050800;1.035848;0.999923;233.177854;-16.706188;1.058970;1.433732;0.999921;40.479172;43.578055;1.048788;1.269155;0.999867;-2.715123;25.698200;1.011270;1.116939;1.000019;0.890547;12.745859;1.070460;1.455533;0.999823;0.729574;17.472395;1.096305;1.195609;
5.885978;1.060116;1.045059;1.009728;1.017921;1.019811;1.070460;1.061653;1.089891;1.056117;1.051210;1.057239;1.055633;1.050800;1.035848;0.999923;233.177901;-16.706178;1.058970;1.433731;0.999921;40.479168;43.577999;1.048788;1.269154;0.999867;-2.715081;25.698436;1.011271;1.116937;1.000019;0.890591;12.746042;1.070460;1.455532;0.999823;0.729546;17.471993;1.096305;1.195613;
5.885978;1.060116;1.045059;1.009728;1.017921;1.019811;1.070460;1.061653;1.089891;1.056117;1.051210;1.057239;1.055633;1.050800;1.035848;0.999923;233.177901;-16.706178;1.058970;1.433731;0.999921;40.479168;43.577999;1.048788;1.269154;0.999867;-2.715081;25.698436;1.011271;1.116937;1.000019;0.890591;12.746042;1.070460;1.455532;0.999823;0.729546;17.471993;1.096305;1.195613;
5.885978;1.060116;1.045059;1.009728;1.017921;1.019811;1.070460;1.061653;1.089891;1.056117;1.051210;1.057239;1.055633;1.050800;1.035848;0.999923;233.177901;-16.706178;1.058970;1.433731;0.999921;40.479168;43.577999;1.048788;1.269154;0.999867;-2.715081;25.698436;1.011271;1.116937;1.000019;0.890591;12.746042;1.070460;1.455532;0.999823;0.729546;17.471993;1.096305;1.195613;
5.885979;1.060116;1.045059;1.009728;1.017921;1.019811;1.070460;1.061654;1.089892;1.056117;1.051210;1.057239;1.055633;1.050800;1.035849;0.999923;233.177868;-16.706236;1.058970;1.433731;0.999921;40.479183;43.578001;1.048788;1.269155;0.999867;-2.715136;25.698165;1.011270;1.116939;1.000019;0.890586;12.746003;1.070460;1.455530;0.999823;0.729568;17.472403;1.096305;1.195608;
5.885980;1.060116;1.045059;1.009728;1.017921;1.019811;1.070460;1.061654;1.089892;1.056117;1.051210;1.057239;1.055633;1.050800;1.035849;0.999923;233.177871;-16.706236;1.058970;1.433731;0.999921;40.479187;43.578001;1.048788;1.269155;0.999867;-2.715143;25.698168;1.011270;1.116939;1.000019;0.890593;12.746002;1.070460;1.455530;0.999823;0.729562;17.472403;1.096305;1.195608;
5.885982;1.060116;1.045059;1.009728;1.017921;1.019811;1.070460;1.061654;1.089892;1.056117;1.051210;1.057239;1.055633;1.050800;1.035849;0.999923;233.177878;-16.706233;1.058970;1.433731;0.999921;40.479195;43.578002;1.048788;1.269155;0.999867;-2.715156;25.698190;1.011270;1.116939;1.000019;0.890608;12.746002;1.070460;1.455530;0.999823;0.729548;17.472379;1.096305;1.195608;
5.885986;1.060116;1.045059;1.009728;1.017921;1.019811;1.070460;1.061654;1.089892;1.056117;1.051210;1.057239;1.055633;1.050800;1.035849;0.999923;233.177887;-16.706238;1.058970;1.433731;0.999921;40.479213;43.578003;1.048788;1.269155;0.999867;-2.715190;25.698185;1.011270;1.116939;1.000019;0.890636;12.745995;1.070460;1.455530;0.999823;0.729526;17.472405;1.096305;1.195608;
5.885994;1.060116;1.045059;1.009728;1.017921;1.019811;1.070460;1.061654;1.089892;1.056117;1.051210;1.057239;1.055633;1.050800;1.035849;0.999923;233.177909;-16.706241;1.058970;1.433731;0.999921;40.479248;43.578005;1.048788;1.269155;0.999867;-2.715252;25.698209;1.011270;1.116939;1.000019;0.890694;12.745986;1.070460;1.455530;0.999823;0.729478;17.472407;1.096305;1.195608;
5.886010;1.060116;1.045059;1.009728;1.017921;1.019811;1.070460;1.061654;1.089892;1.056117;1.051210;1.057239;1.055633;1.050800;1.035849;0.999923;233.177953;-16.706247;1.058970;1.433731;0.999921;40.479317;43.578010;1.048788;1.269155;0.999867;-2.715376;25.698256;1.011270;1.116939;1.000019;0.890810;12.745968;1.070460;1.455530;0.999823;0.729381;17.472412;1.096305;1.195608;
5.886042;1.060116;1.045059;1.009728;1.017921;1.019811;1.070460;1.061654;1.089892;1.056117;1.051210;1.057239;1.055633;1.050800;1.035849;0.999923;233.178042;-16.706259;1.058970;1.433731;0.999921;40.479456;43.578019;1.048788;1.269155;0.999867;-2.715625;25.698350;1.011270;1.116939;1.000019;0.891041;12.745932;1.070460;1.455530;0.999823;0.729189;17.472422;1.096305;1.195609;
5.886049;1.060116;1.045059;1.009728;1.017921;1.019811;1.070460;1.061654;1.089892;1.056117;1.051210;1.057239;1.055633;1.050800;1.035849;0.999923;233.178061;-16.706261;1.058970;1.433731;0.999921;40.479486;43.578022;1.048788;1.269155;0.999867;-2.715678;25.698370;1.011270;1.116939;1.000019;0.891092;12.745924;1.070460;1.455530;0.999823;0.729147;17.472424;1.096305;1.195609;
5.886049;1.060116;1.045059;1.009728;1.017921;1.019811;1.070460;1.061654;1.089892;1.056117;1.051210;1.057239;1.055633;1.050800;1.035849;0.999923;233.178061;-16.706261;1.058970;1.433731;0.999921;40.479486;43.578022;1.048788;1.269155;0.999867;-2.715678;25.698370;1.011270;1.116939;1.000019;0.891092;12.745924;1.070460;1.455530;0.999823;0.729147;17.472424;1.096305;1.195609;
5.886049;1.060116;1.045059;1.009728;1.017921;1.019811;1.070460;1.061654;1.089892;1.056117;1.051210;1.057239;1.055633;1.050800;1.035849;0.999923;233.178061;-16.706261;1.058970;1.433731;0.999921;40.479486;43.578022;1.048788;1.269155;0.999867;-2.715678;25.698370;1.011270;1.116939;1.000019;0.891092;12.745924;1.070460;1.455530;0.999823;0.729147;17.472424;1.096305;1.195609;
5.886106;1.060116;1.045059;1.009728;1.017921;1.019811;1.070460;1.061654;1.089892;1.056117;1.051210;1.057239;1.055633;1.050800;1.035848;0.999923;233.178218;-16.706282;1.058970;1.433731;0.999921;40.479734;43.578038;1.048788;1.269155;0.999867;-2.716121;25.698537;1.011270;1.116940;1.000019;0.891504;12.745859;1.070460;1.455530;0.999823;0.728803;17.472441;1.096305;1.195609;
5.886234;1.060116;1.045059;1.009728;1.017921;1.019811;1.070460;1.061654;1.089892;1.056117;1.051210;1.057239;1.055633;1.050800;1.035848;0.999923;233.178572;-16.706328;1.058970;1.433732;0.999921;40.480289;43.578077;1.048788;1.269155;0.999867;-2.717114;25.698913;1.011270;1.116941;1.000019;0.892429;12.745713;1.070460;1.455530;0.999823;0.728032;17.472480;1.096305;1.195611;
5.886490;1.060116;1.045059;1.009728;1.017921;1.019811;1.070460;1.061653;1.089892;1.056116;1.051209;1.057238;1.055633;1.050800;1.035848;0.999923;233.179278;-16.706419;1.058970;1.433732;0.999921;40.481400;43.578153;1.048788;1.269155;0.999867;-2.719095;25.699663;1.011270;1.116943;1.000018;0.894274;12.745423;1.070460;1.455530;0.999823;0.726490;17.472557;1.096305;1.195613;
5.887002;1.060116;1.045059;1.009727;1.017921;1.019811;1.070460;1.061653;1.089892;1.056115;1.051208;1.057238;1.055633;1.050800;1.035847;0.999923;233.180693;-16.706601;1.058970;1.433732;0.999921;40.483623;43.578307;1.048788;1.269156;0.999867;-2.723045;25.701160;1.011270;1.116947;1.000018;0.897951;12.744844;1.070460;1.455529;0.999823;0.723404;17.472713;1.096304;1.195619;
5.888026;1.060116;1.045059;1.009727;1.017920;1.019811;1.070460;1.061651;1.089891;1.056113;1.051207;1.057237;1.055633;1.050800;1.035846;0.999923;233.183527;-16.706960;1.058970;1.433733;0.999921;40.488074;43.578618;1.048788;1.269158;0.999867;-2.730892;25.704144;1.011270;1.116955;1.000017;0.905248;12.743690;1.070460;1.455528;0.999822;0.717225;17.473027;1.096304;1.195630;
5.890074;1.060116;1.045059;1.009726;1.017919;1.019811;1.070460;1.061649;1.089890;1.056110;1.051204;1.057235;1.055633;1.050799;1.035844;0.999923;233.189211;-16.707657;1.058970;1.433735;0.999921;40.496992;43.579255;1.048788;1.269161;0.999868;-2.746370;25.710068;1.011269;1.116970;1.000014;0.919612;12.741406;1.070460;1.455527;0.999821;0.704837;17.473669;1.096303;1.195652;
5.894170;1.060116;1.045058;1.009723;1.017916;1.019810;1.070460;1.061644;1.089887;1.056102;1.051197;1.057231;1.055632;1.050797;1.035839;0.999923;233.200648;-16.708970;1.058970;1.433739;0.999921;40.514895;43.580588;1.048788;1.269169;0.999868;-2.776469;25.721746;1.011267;1.116999;1.000010;0.947402;12.736927;1.070460;1.455530;0.999820;0.679959;17.474999;1.096300;1.195696;
5.902362;1.060115;1.045057;1.009719;1.017910;1.019808;1.070459;1.061634;1.089882;1.056087;1.051183;1.057223;1.055631;1.050793;1.035828;0.999922;233.223807;-16.711274;1.058969;1.433749;0.999921;40.550962;43.583488;1.048787;1.269185;0.999870;-2.833206;25.744400;1.011265;1.117054;1.000000;0.999107;12.728360;1.070459;1.455556;0.999817;0.629898;17.477844;1.096296;1.195782;
5.918746;1.060114;1.045055;1.009712;1.017896;1.019801;1.070452;1.061613;1.089871;1.056057;1.051156;1.057203;1.055624;1.050782;1.035806;0.999922;233.271336;-16.714607;1.058968;1.433775;0.999921;40.624021;43.590215;1.048785;1.269223;0.999873;-2.932706;25.786819;1.011260;1.117144;0.999978;1.086169;12.712975;1.070452;1.455687;0.999813;0.529319;17.484216;1.096288;1.195944;
5.951514;1.060110;1.045048;1.009703;1.017858;1.019774;1.070425;1.061568;1.089851;1.055996;1.051099;1.057158;1.055596;1.050748;1.035757;0.999921;233.371092;-16.716419;1.058964;1.433856;0.999920;40.772316;43.607130;1.048780;1.269324;0.999880;-3.075591;25.859500;1.011255;1.117252;0.999933;1.190930;12.690351;1.070425;1.456237;0.999808;0.331841;17.499207;1.096274;1.196228;
6.017050;1.060097;1.045031;1.009700;1.017756;1.019680;1.070327;1.061478;1.089819;1.055887;1.050991;1.057054;1.055500;1.050649;1.035654;0.999917;233.578862;-16.704187;1.058952;1.434104;0.999918;41.058017;43.650837;1.048767;1.269589;0.999894;-3.148004;25.953441;1.011258;1.117186;0.999844;1.133153;12.681080;1.070327;1.458191;0.999810;-0.016564;17.533979;1.096254;1.196618;
6.148122;1.060063;1.045000;1.009755;1.017550;1.019450;1.070103;1.061353;1.089793;1.055769;1.050860;1.056884;1.055282;1.050448;1.035503;0.999909;233.875857;-16.651364;1.058923;1.434679;0.999910;41.413032;43.735364;1.048743;1.270068;0.999919;-2.649672;25.943991;1.011312;1.116112;0.999750;0.401159;12.766286;1.070103;1.462674;0.999845;-0.439602;17.595271;1.096251;1.196678;
6.262017;1.060041;1.044991;1.009851;1.017443;1.019305;1.069978;1.061330;1.089815;1.055779;1.050856;1.056831;1.055162;1.050352;1.035470;0.999901;233.875731;-16.601929;1.058904;1.435050;0.999904;41.376480;43.772188;1.048736;1.270191;0.999935;-1.747851;25.750216;1.011397;1.114413;0.999774;-0.419295;12.890746;1.069978;1.465167;0.999891;-0.520914;17.623438;1.096283;1.196046;
6.375912;1.060036;1.045009;1.009968;1.017462;1.019296;1.069989;1.061388;1.089865;1.055869;1.050937;1.056884;1.055173;1.050379;1.035533;0.999895;233.535141;-16.573345;1.058901;1.435120;0.999899;40.983722;43.747812;1.048752;1.269871;0.999945;-0.733368;25.448952;1.011495;1.112448;0.999863;-0.863815;12.973170;1.069991;1.464899;0.999933;-0.417192;17.619530;1.096332;1.195061;
6.489806;1.060047;1.045051;1.010082;1.017596;1.019424;1.070125;1.061504;1.089930;1.056000;1.051069;1.057019;1.055307;1.050514;1.035664;0.999894;232.896988;-16.569214;1.058912;1.434899;0.999898;40.336966;43.665656;1.048788;1.269169;0.999949;0.193252;25.104628;1.011588;1.110578;0.999964;-0.780621;12.980743;1.070127;1.462196;0.999960;-0.215130;17.588534;1.096385;1.194014;
6.591613;1.060064;1.045097;1.010164;1.017762;1.019598;1.070282;1.061615;1.089979;1.056109;1.051183;1.057150;1.055460;1.050659;1.035786;0.999897;232.208410;-16.575607;1.058928;1.434585;0.999902;39.709859;43.569278;1.048825;1.268427;0.999949;0.840883;24.819163;1.011654;1.109271;1.000019;-0.376524;12.925198;1.070281;1.459101;0.999971;-0.018981;17.550760;1.096420;1.193309;
6.591613;1.060064;1.045097;1.010164;1.017762;1.019598;1.070282;1.061615;1.089979;1.056109;1.051183;1.057150;1.055460;1.050659;1.035786;0.999897;232.208410;-16.575607;1.058928;1.434585;0.999902;39.709859;43.569278;1.048825;1.268427;0.999949;0.840883;24.819163;1.011654;1.109271;1.000019;-0.376524;12.925198;1.070281;1.459101;0.999971;-0.018981;17.550760;1.096420;1.193309;
6.591613;1.060064;1.045097;1.010164;1.017762;1.019598;1.070282;1.061615;1.089979;1.056109;1.051183;1.057150;1.055460;1.050659;1.035786;0.999897;232.208410;-16.575607;1.058928;1.434585;0.999902;39.709859;43.569278;1.048825;1.268427;0.999949;0.840883;24.819163;1.011654;1.109271;1.000019;-0.376524;12.925198;1.070281;1.459101;0.999971;-0.018981;17.550760;1.096420;1.193309;
6.591821;1.060064;1.045097;1.010165;1.017762;1.019599;1.070282;1.061615;1.089979;1.056109;1.051183;1.057150;1.055461;1.050659;1.035786;0.999897;232.206882;-16.575630;1.058928;1.434584;0.999902;39.708525;43.569058;1.048825;1.268425;0.999949;0.842037;24.818598;1.011654;1.109268;1.000019;-0.375374;12.925024;1.070282;1.459094;0.999971;-0.018564;17.550673;1.096420;1.193307;
6.591821;1.060064;1.045097;1.010165;1.017762;1.019599;1.070282;1.061615;1.089979;1.056109;1.051183;1.057150;1.055461;1.050659;1.035786;0.999897;232.206882;-16.575630;1.058928;1.434584;0.999902;39.708525;43.569058;1.048825;1.268425;0.999949;0.842037;24.818598;1.011654;1.109268;1.000019;-0.375374;12.925024;1.070282;1.459094;0.999971;-0.018564;17.550673;1.096420;1.193307;
6.591822;1.060064;1.045097;1.010165;1.017762;1.019599;1.070282;1.061616;1.089979;1.056109;1.051183;1.057150;1.055460;1.050659;1.035786;0.999897;232.207068;-16.575460;1.058928;1.434582;0.999902;39.708510;43.569011;1.048825;1.268422;0.999949;0.842026;24.818751;1.011654;1.109265;1.000019;-0.375405;12.924704;1.070282;1.459092;0.999971;-0.018562;17.550769;1.096420;1.193304;
6.591823;1.060064;1.045097;1.010165;1.017762;1.019599;1.070282;1.061616;1.089979;1.056109;1.051183;1.057150;1.055460;1.050659;1.035786;0.999897;232.207060;-16.575461;1.058928;1.434582;0.999902;39.708503;43.569010;1.048825;1.268422;0.999949;0.842032;24.818749;1.011654;1.109265;1.000019;-0.375399;12.924703;1.070282;1.459092;0.999971;-0.018560;17.550769;1.096420;1.193304;
6.591825;1.060064;1.045097;1.010165;1.017762;1.019599;1.070282;1.061616;1.089979;1.056109;1.051183;1.057150;1.055460;1.050659;1.035786;0.999897;232.207033;-16.575471;1.058928;1.434582;0.999902;39.708490;43.569010;1.048825;1.268422;0.999949;0.842044;24.818733;1.011654;1.109265;1.000019;-0.375385;12.924721;1.070282;1.459092;0.999971;-0.018556;17.550762;1.096420;1.193304;
6.591829;1.060064;1.045097;1.010165;1.017762;1.019599;1.070282;1.061616;1.089979;1.056109;1.051183;1.057150;1.055460;1.050659;1.035786;0.999897;232.207014;-16.575461;1.058928;1.434582;0.999902;39.708463;43.569003;1.048825;1.268422;0.999949;0.842066;24.818732;1.011654;1.109265;1.000019;-0.375363;12.924697;1.070282;1.459091;0.999971;-0.018547;17.550766;1.096420;1.193304;
6.591837;1.060064;1.045097;1.010165;1.017762;1.019599;1.070282;1.061616;1.089979;1.056109;1.051183;1.057150;1.055460;1.050659;1.035786;0.999897;232.206952;-16.575462;1.058928;1.434582;0.999902;39.708408;43.568994;1.048825;1.268422;0.999949;0.842111;24.818709;1.011654;1.109265;1.000019;-0.375315;12.924690;1.070282;1.459091;0.999971;-0.018530;17.550762;1.096420;1.193304;
6.591853;1.060065;1.045097;1.010165;1.017762;1.019599;1.070282;1.061616;1.089979;1.056109;1.051183;1.057150;1.055460;1.050659;1.035786;0.999897;232.206829;-16.575465;1.058928;1.434582;0.999902;39.708299;43.568976;1.048825;1.268422;0.999949;0.842201;24.818664;1.011654;1.109265;1.000019;-0.375218;12.924676;1.070282;1.459090;0.999971;-0.018496;17.550755;1.096420;1.193304;
6.591885;1.060065;1.045097;1.010165;1.017762;1.019599;1.070282;1.061616;1.089979;1.056109;1.051183;1.057150;1.055461;1.050659;1.035786;0.999897;232.206583;-16.575469;1.058928;1.434582;0.999902;39.708082;43.568940;1.048825;1.268421;0.999949;0.842382;24.818574;1.011654;1.109264;1.000019;-0.375026;12.924647;1.070282;1.459089;0.999971;-0.018429;17.550741;1.096420;1.193303;
6.591949;1.060065;1.045097;1.010165;1.017762;1.019599;1.070282;1.061616;1.089979;1.056109;1.051183;1.057150;1.055461;1.050659;1.035786;0.999897;232.206091;-16.575478;1.058928;1.434581;0.999902;39.707647;43.568869;1.048825;1.268421;0.999949;0.842744;24.818394;1.011654;1.109264;1.000019;-0.374640;12.924590;1.070282;1.459087;0.999971;-0.018294;17.550712;1.096420;1.193303;
6.592077;1.060065;1.045097;1.010165;1.017763;1.019600;1.070282;1.061616;1.089979;1.056109;1.051184;1.057150;1.055461;1.050659;1.035786;0.999897;232.205107;-16.575495;1.058928;1.434581;0.999902;39.706776;43.568725;1.048825;1.268420;0.999949;0.843467;24.818034;1.011654;1.109262;1.000019;-0.373869;12.924475;1.070282;1.459082;0.999971;-0.018023;17.550655;1.096420;1.193302;
6.592333;1.060065;1.045097;1.010165;1.017763;1.019600;1.070283;1.061616;1.089980;1.056110;1.051184;1.057151;1.055461;1.050660;1.035787;0.999897;232.203139;-16.575530;1.058928;1.434580;0.999902;39.705037;43.568438;1.048825;1.268418;0.999949;0.844911;24.817314;1.011654;1.109259;1.000019;-0.372325;12.924245;1.070283;1.459073;0.999971;-0.017483;17.550541;1.096420;1.193300;
6.592845;1.060065;1.045098;1.010166;1.017764;1.019601;1.070284;1.061617;1.089980;1.056110;1.051184;1.057152;1.055462;1.050661;1.035788;0.999897;232.199202;-16.575599;1.058928;1.434578;0.999902;39.701559;43.567865;1.048825;1.268413;0.999949;0.847795;24.815877;1.011655;1.109253;1.000020;-0.369234;12.923783;1.070284;1.459054;0.999971;-0.016403;17.550313;1.096420;1.193297;
6.593869;1.060065;1.045098;1.010167;1.017766;1.019603;1.070286;1.061618;1.089980;1.056111;1.051186;1.057153;1.055464;1.050662;1.035789;0.999897;232.191330;-16.575738;1.058928;1.434574;0.999902;39.694611;43.566718;1.048826;1.268405;0.999949;0.853543;24.813007;1.011655;1.109241;1.000020;-0.363035;12.922856;1.070286;1.459016;0.999971;-0.014247;17.549856;1.096421;1.193291;
6.595917;1.060065;1.045099;1.010168;1.017770;1.019608;1.070289;1.061621;1.089981;1.056113;1.051188;1.057156;1.055468;1.050666;1.035792;0.999898;232.175586;-16.576015;1.058929;1.434566;0.999902;39.680748;43.564424;1.048827;1.268387;0.999949;0.864956;24.807290;1.011656;1.109218;1.000021;-0.350571;12.920982;1.070289;1.458940;0.999971;-0.009950;17.548945;1.096421;1.193278;
6.600013;1.060066;1.045101;1.010171;1.017778;1.019617;1.070297;1.061626;1.089983;1.056118;1.051193;1.057162;1.055475;1.050673;1.035797;0.999898;232.144113;-16.576568;1.058929;1.434549;0.999903;39.653163;43.559839;1.048828;1.268353;0.999949;0.887455;24.795949;1.011659;1.109172;1.000023;-0.325402;12.917163;1.070297;1.458790;0.999971;-0.001420;17.547126;1.096423;1.193253;
6.608205;1.060068;1.045106;1.010177;1.017795;1.019634;1.070312;1.061635;1.089987;1.056126;1.051202;1.057173;1.055490;1.050686;1.035807;0.999898;232.081298;-16.577659;1.058931;1.434516;0.999903;39.598618;43.550695;1.048832;1.268285;0.999948;0.931153;24.773649;1.011663;1.109082;1.000026;-0.274231;12.909258;1.070312;1.458493;0.999971;0.015381;17.543510;1.096425;1.193206;
6.624589;1.060072;1.045114;1.010188;1.017826;1.019669;1.070340;1.061654;1.089994;1.056142;1.051219;1.057195;1.055518;1.050711;1.035827;0.999899;231.956757;-16.579736;1.058934;1.434452;0.999904;39.492544;43.532621;1.048838;1.268153;0.999948;1.013432;24.730669;1.011672;1.108915;1.000030;-0.169675;12.892536;1.070340;1.457924;0.999971;0.047923;17.536409;1.096429;1.193121;
6.657357;1.060078;1.045129;1.010207;1.017886;1.019736;1.070391;1.061687;1.090005;1.056170;1.051248;1.057233;1.055567;1.050756;1.035861;0.999902;231.716538;-16.583111;1.058940;1.434333;0.999907;39.296252;43.498165;1.048851;1.267905;0.999947;1.158383;24.651790;1.011686;1.108633;1.000032;0.039421;12.856779;1.070391;1.456912;0.999970;0.108702;17.523007;1.096436;1.192994;
6.713451;1.060087;1.045151;1.010229;1.017970;1.019829;1.070450;1.061729;1.090016;1.056201;1.051282;1.057276;1.055626;1.050809;1.035900;0.999908;231.357428;-16.585036;1.058948;1.434179;0.999912;39.026928;43.448731;1.048868;1.267567;0.999944;1.351830;24.541212;1.011702;1.108314;1.000019;0.350356;12.796486;1.070450;1.455723;0.999965;0.199408;17.503833;1.096439;1.192917;
6.713451;1.060087;1.045151;1.010229;1.017970;1.019829;1.070450;1.061729;1.090016;1.056201;1.051282;1.057276;1.055626;1.050809;1.035900;0.999908;231.357428;-16.585036;1.058948;1.434179;0.999912;39.026928;43.448731;1.048868;1.267567;0.999944;1.351830;24.541212;1.011702;1.108314;1.000019;0.350356;12.796486;1.070450;1.455723;0.999965;0.199408;17.503833;1.096439;1.192917;
6.713452;1.060087;1.045151;1.010229;1.017970;1.019829;1.070450;1.061729;1.090016;1.056201;1.051282;1.057276;1.055626;1.050809;1.035900;0.999908;231.357419;-16.585036;1.058948;1.434179;0.999912;39.026923;43.448734;1.048868;1.267567;0.999944;1.351833;24.541212;1.011702;1.108314;1.000019;0.350362;12.796478;1.070450;1.455723;0.999965;0.199409;17.503832;1.096439;1.192917;
6.713453;1.060087;1.045151;1.010229;1.017970;1.019829;1.070450;1.061729;1.090016;1.056201;1.051282;1.057276;1.055626;1.050809;1.035900;0.999908;231.357413;-16.585036;1.058948;1.434179;0.999912;39.026919;43.448733;1.048868;1.267567;0.999944;1.351836;24.541210;1.011702;1.108314;1.000019;0.350367;12.796477;1.070450;1.455723;0.999965;0.199411;17.503832;1.096439;1.192917;
6.713455;1.060087;1.045151;1.010229;1.017970;1.019829;1.070450;1.061729;1.090016;1.056201;1.051282;1.057276;1.055626;1.050809;1.035900;0.999908;231.357400;-16.585035;1.058948;1.434179;0.999912;39.026910;43.448733;1.048868;1.267567;0.999944;1.351842;24.541207;1.011702;1.108314;1.000019;0.350378;12.796471;1.070450;1.455723;0.999965;0.199413;17.503831;1.096439;1.192917;
6.713459;1.060087;1.045151;1.010229;1.017970;1.019829;1.070450;1.061729;1.090016;1.056201;1.051282;1.057276;1.055626;1.050809;1.035900;0.999908;231.357378;-16.585036;1.058948;1.434179;0.999912;39.026894;43.448728;1.048868;1.267567;0.999944;1.351853;24.541200;1.011702;1.108314;1.000019;0.350399;12.796470;1.070450;1.455723;0.999965;0.199419;17.503830;1.096439;1.192917;
6.713467;1.060087;1.045151;1.010229;1.017970;1.019829;1.070450;1.061729;1.090016;1.056201;1.051282;1.057276;1.055626;1.050809;1.035900;0.999908;231.357330;-16.585036;1.058948;1.434179;0.999912;39.026860;43.448722;1.048868;1.267567;0.999944;1.351875;24.541186;1.011702;1.108314;1.000019;0.350442;12.796461;1.070450;1.455723;0.999965;0.199431;17.503828;1.096439;1.192917;
6.713483;1.060087;1.045151;1.010229;1.017970;1.019829;1.070450;1.061729;1.090016;1.056201;1.051282;1.057276;1.055626;1.050809;1.035900;0.999908;231.357234;-16.585036;1.058948;1.434179;0.999912;39.026794;43.448709;1.048868;1.267567;0.999944;1.351920;24.541159;1.011702;1.108314;1.000019;0.350526;12.796443;1.070450;1.455723;0.999965;0.199455;17.503823;1.096439;1.192917;
6.713515;1.060087;1.045151;1.010229;1.017970;1.019829;1.070450;1.061729;1.090016;1.056201;1.051282;1.057276;1.055626;1.050809;1.035900;0.999908;231.357043;-16.585036;1.058948;1.434179;0.999912;39.026661;43.448683;1.048868;1.267567;0.999944;1.352009;24.541104;1.011702;1.108314;1.000019;0.350696;12.796407;1.070450;1.455722;0.999965;0.199502;17.503813;1.096439;1.192917;
6.713579;1.060087;1.045151;1.010229;1.017970;1.019830;1.070450;1.061730;1.090016;1.056201;1.051282;1.057276;1.055626;1.050809;1.035900;0.999908;231.356662;-16.585036;1.058948;1.434179;0.999912;39.026395;43.448632;1.048868;1.267567;0.999944;1.352188;24.540994;1.011702;1.108313;1.000019;0.351036;12.796336;1.070450;1.455721;0.999965;0.199595;17.503793;1.096439;1.192917;
6.713629;1.060087;1.045151;1.010229;1.017971;1.019830;1.070450;1.061730;1.090016;1.056201;1.051282;1.057276;1.055626;1.050809;1.035900;0.999908;231.356364;-16.585036;1.058948;1.434178;0.999912;39.026187;43.448592;1.048868;1.267567;0.999944;1.352327;24.540909;1.011702;1.108313;1.000019;0.351300;12.796280;1.070450;1.455720;0.999965;0.199669;17.503778;1.096439;1.192917;
6.713629;1.060087;1.045151;1.010229;1.017971;1.019830;1.070450;1.061730;1.090016;1.056201;1.051282;1.057276;1.055626;1.050809;1.035900;0.999908;231.356364;-16.585036;1.058948;1.434178;0.999912;39.026187;43.448592;1.048868;1.267567;0.999944;1.352327;24.540909;1.011702;1.108313;1.000019;0.351300;12.796280;1.070450;1.455720;0.999965;0.199669;17.503778;1.096439;1.192917;
6.713629;1.060087;1.045151;1.010229;1.017971;1.019830;1.070450;1.061730;1.090016;1.056201;1.051282;1.057276;1.055626;1.050809;1.035900;0.999908;231.356364;-16.585036;1.058948;1.434178;0.999912;39.026187;43.448592;1.048868;1.267567;0.999944;1.352327;24.540909;1.011702;1.108313;1.000019;0.351300;12.796280;1.070450;1.455720;0.999965;0.199669;17.503778;1.096439;1.192917;
6.713707;1.060087;1.045151;1.010229;1.017971;1.019830;1.070450;1.061730;1.090016;1.056201;1.051282;1.057276;1.055626;1.050809;1.035900;0.999908;231.355898;-16.585036;1.058948;1.434178;0.999912;39.025863;43.448529;1.048868;1.267566;0.999944;1.352545;24.540775;1.011702;1.108313;1.000019;0.351714;12.796193;1.070450;1.455719;0.999965;0.199783;17.503754;1.096439;1.192917;
6.713963;1.060087;1.045151;1.010230;1.017971;1.019830;1.070451;1.061730;1.090016;1.056201;1.051282;1.057276;1.055627;1.050809;1.035900;0.999908;231.354373;-16.585036;1.058948;1.434178;0.999912;39.024801;43.448325;1.048868;1.267565;0.999944;1.353259;24.540338;1.011702;1.108312;1.000019;0.353069;12.795908;1.070451;1.455715;0.999965;0.200158;17.503675;1.096439;1.192917;
6.714475;1.060087;1.045151;1.010230;1.017972;1.019831;1.070451;1.061730;1.090016;1.056202;1.051282;1.057276;1.055627;1.050809;1.035901;0.999908;231.351328;-16.585035;1.058948;1.434177;0.999912;39.022684;43.447916;1.048868;1.267562;0.999944;1.354682;24.539465;1.011702;1.108310;1.000019;0.355772;12.795338;1.070451;1.455707;0.999965;0.200907;17.503519;1.096439;1.192917;
6.715499;1.060087;1.045151;1.010230;1.017973;1.019832;1.070452;1.061731;1.090016;1.056202;1.051283;1.057277;1.055628;1.050810;1.035901;0.999908;231.345261;-16.585033;1.058948;1.434174;0.999912;39.018475;43.447104;1.048868;1.267557;0.999944;1.357513;24.537728;1.011702;1.108306;1.000018;0.361153;12.794201;1.070452;1.455691;0.999965;0.202401;17.503207;1.096439;1.192917;
6.717547;1.060087;1.045152;1.010231;1.017976;1.019835;1.070453;1.061732;1.090017;1.056203;1.051284;1.057278;1.055629;1.050811;1.035902;0.999908;231.333215;-16.585022;1.058948;1.434170;0.999912;39.010161;43.445494;1.048869;1.267546;0.999944;1.363110;24.534288;1.011702;1.108298;1.000017;0.371809;12.791934;1.070453;1.455660;0.999965;0.205371;17.502588;1.096439;1.192918;
6.721643;1.060087;1.045153;1.010232;1.017981;1.019841;1.070456;1.061734;1.090017;1.056204;1.051285;1.057280;1.055632;1.050814;1.035904;0.999909;231.309491;-16.584974;1.058949;1.434161;0.999913;38.993946;43.442342;1.048870;1.267526;0.999944;1.374052;24.527542;1.011703;1.108284;1.000015;0.392685;12.787439;1.070456;1.455601;0.999964;0.211244;17.501377;1.096439;1.192920;
6.729835;1.060088;1.045156;1.010234;1.017991;1.019852;1.070462;1.061738;1.090017;1.056207;1.051288;1.057284;1.055637;1.050818;1.035907;0.999910;231.263563;-16.584775;1.058950;1.434144;0.999913;38.963205;43.436310;1.048872;1.267487;0.999943;1.394939;24.514592;1.011704;1.108259;1.000011;0.432598;12.778620;1.070462;1.455497;0.999963;0.222718;17.499053;1.096439;1.192927;
6.746219;1.060090;1.045160;1.010237;1.018008;1.019872;1.070469;1.061746;1.090018;1.056211;1.051292;1.057289;1.055645;1.050825;1.035912;0.999912;231.178178;-16.583954;1.058951;1.434117;0.999915;38.908664;43.425395;1.048875;1.267420;0.999942;1.432854;24.490881;1.011706;1.108222;1.000001;0.504387;12.761818;1.070469;1.455345;0.999961;0.244581;17.494818;1.096438;1.192952;
6.778987;1.060091;1.045166;1.010240;1.018034;1.019901;1.070473;1.061754;1.090015;1.056215;1.051295;1.057291;1.055650;1.050828;1.035915;0.999916;231.035892;-16.580644;1.058952;1.434088;0.999919;38.828160;43.408525;1.048880;1.267324;0.999941;1.494092;24.452295;1.011707;1.108201;0.999979;0.611877;12.732580;1.070473;1.455262;0.999956;0.283845;17.488063;1.096433;1.193047;
6.844523;1.060088;1.045169;1.010235;1.018048;1.019914;1.070443;1.061750;1.090001;1.056205;1.051282;1.057269;1.055621;1.050800;1.035898;0.999926;230.875767;-16.568630;1.058951;1.434127;0.999926;38.777954;43.395512;1.048881;1.267295;0.999937;1.562497;24.409817;1.011700;1.108352;0.999929;0.674926;12.696483;1.070443;1.455873;0.999943;0.341989;17.481368;1.096416;1.193383;
6.975595;1.060069;1.045144;1.010189;1.017963;1.019817;1.070305;1.061685;1.089950;1.056147;1.051213;1.057170;1.055488;1.050678;1.035814;0.999943;231.003183;-16.540157;1.058933;1.434468;0.999939;38.997355;43.437066;1.048860;1.267725;0.999930;1.492566;24.444738;1.011656;1.109236;0.999862;0.381158;12.707753;1.070305;1.458637;0.999919;0.354761;17.489612;1.096369;1.194327;
7.106667;1.060043;1.045095;1.010110;1.017803;1.019643;1.070158;1.061584;1.089894;1.056061;1.051121;1.057057;1.055344;1.050546;1.035711;0.999956;231.556648;-16.525337;1.058909;1.434958;0.999948;39.447064;43.534926;1.048820;1.268520;0.999925;1.158514;24.604259;1.011587;1.110616;0.999859;-0.122003;12.788176;1.070158;1.461562;0.999903;0.228000;17.516668;1.096323;1.195243;
7.237739;1.060023;1.045047;1.010022;1.017659;1.019498;1.070090;1.061495;1.089857;1.055981;1.051046;1.056987;1.055275;1.050480;1.035638;0.999962;232.255901;-16.540406;1.058889;1.435350;0.999953;39.892795;43.639909;1.048781;1.269290;0.999923;0.607091;24.832024;1.011512;1.112103;0.999909;-0.430694;12.872062;1.070092;1.462895;0.999904;0.009192;17.548093;1.096299;1.195731;
7.368811;1.060023;1.045027;1.009955;1.017622;1.019477;1.070144;1.061472;1.089864;1.055947;1.051025;1.057000;1.055325;1.050518;1.035635;0.999961;232.754391;-16.589315;1.058886;1.435416;0.999954;40.137118;43.695026;1.048766;1.269607;0.999927;-0.052276;25.055286;1.011459;1.113172;0.999960;-0.277742;12.892052;1.070144;1.461844;0.999927;-0.160064;17.566916;1.096312;1.195469;
7.486776;1.060029;1.045025;1.009922;1.017637;1.019503;1.070195;1.061482;1.089882;1.055948;1.051031;1.057025;1.055373;1.050558;1.035652;0.999958;232.962748;-16.627838;1.058889;1.435363;0.999954;40.248013;43.708466;1.048765;1.269626;0.999933;-0.504338;25.194874;1.011434;1.113659;0.999974;-0.083927;12.878447;1.070195;1.460838;0.999948;-0.182061;17.571375;1.096330;1.195097;
7.604741;1.060034;1.045032;1.009914;1.017670;1.019538;1.070226;1.061506;1.089898;1.055967;1.051051;1.057049;1.055404;1.050586;1.035675;0.999955;232.995338;-16.652439;1.058893;1.435286;0.999954;40.294500;43.700223;1.048771;1.269503;0.999941;-0.757881;25.267498;1.011431;1.113731;0.999969;0.041281;12.859205;1.070226;1.460204;0.999961;-0.114776;17.567246;1.096346;1.194795;
7.840671;1.060038;1.045050;1.009950;1.017720;1.019581;1.070239;1.061542;1.089911;1.056007;1.051087;1.057075;1.055418;1.050604;1.035704;0.999952;232.779163;-16.657284;1.058896;1.435222;0.999954;40.237765;43.664377;1.048786;1.269190;0.999953;-0.656383;25.229168;1.011463;1.113077;0.999956;0.059896;12.842141;1.070239;1.459941;0.999964;0.024258;17.552956;1.096353;1.194641;
8.076600;1.060037;1.045063;1.009993;1.017743;1.019599;1.070239;1.061558;1.089913;1.056026;1.051104;1.057084;1.055419;1.050607;1.035717;0.999954;232.537140;-16.645063;1.058895;1.435238;0.999955;40.114008;43.637438;1.048797;1.268982;0.999961;-0.324024;25.123891;1.011500;1.112342;0.999955;0.023213;12.838504;1.070239;1.459954;0.999960;0.065237;17.544362;1.096351;1.194676;
8.312530;1.060033;1.045068;1.010021;1.017748;1.019603;1.070237;1.061560;1.089911;1.056030;1.051107;1.057085;1.055417;1.050606;1.035719;0.999958;232.377694;-16.633430;1.058892;1.435292;0.999959;39.998630;43.625663;1.048801;1.268901;0.999965;-0.032805;25.031825;1.011523;1.111886;0.999959;0.001662;12.838558;1.070237;1.459988;0.999959;0.046315;17.542059;1.096349;1.194725;
8.784389;1.060028;1.045066;1.010026;1.017743;1.019598;1.070235;1.061555;1.089909;1.056025;1.051102;1.057081;1.055415;1.050604;1.035715;0.999967;232.330836;-16.630826;1.058887;1.435401;0.999967;39.937136;43.629747;1.048799;1.268940;0.999968;0.099664;24.987693;1.011525;1.111840;0.999967;-0.001736;12.840224;1.070235;1.460030;0.999966;0.014499;17.543720;1.096347;1.194756;
9.256248;1.060024;1.045062;1.010017;1.017737;1.019593;1.070233;1.061551;1.089907;1.056020;1.051098;1.057078;1.055413;1.050602;1.035711;0.999973;232.366052;-16.636362;1.058883;1.435482;0.999973;39.956460;43.637985;1.048796;1.269000;0.999972;0.052446;25.001695;1.011517;1.112006;0.999973;0.000192;12.841978;1.070233;1.460060;0.999972;0.008688;17.545167;1.096346;1.194778;
10.199967;1.060020;1.045059;1.010010;1.017732;1.019589;1.070233;1.061548;1.089905;1.056017;1.051095;1.057077;1.055412;1.050601;1.035709;0.999981;232.394356;-16.643551;1.058878;1.435573;0.999980;39.985879;43.644513;1.048794;1.269046;0.999980;-0.000524;25.019369;1.011511;1.112121;0.999980;0.000902;12.843959;1.070233;1.460072;0.999980;0.007215;17.545891;1.096345;1.194808;
12.087403;1.060016;1.045058;1.010009;1.017730;1.019586;1.070233;1.061546;1.089904;1.056016;1.051094;1.057076;1.055412;1.050600;1.035708;0.999989;232.393341;-16.647848;1.058874;1.435658;0.999989;39.993555;43.647495;1.048792;1.269074;0.999989;-0.002271;25.020838;1.011510;1.112145;0.999989;0.000482;12.845549;1.070233;1.460070;0.999989;0.002568;17.546170;1.096344;1.194834;
15.862277;1.060014;1.045056;1.010008;1.017728;1.019584;1.070233;1.061544;1.089903;1.056014;1.051093;1.057075;1.055412;1.050600;1.035707;0.999996;232.391158;-16.649999;1.058871;1.435714;0.999996;39.997382;43.648974;1.048791;1.269097;0.999995;0.000029;25.020536;1.011509;1.112164;0.999995;0.000116;12.846713;1.070233;1.460070;0.999995;-0.001462;17.546387;1.096343;1.194855;
20.000000;1.060013;1.045056;1.010007;1.017727;1.019584;1.070233;1.061544;1.089902;1.056014;1.051092;1.057075;1.055412;1.050600;1.035707;0.999998;232.390640;-16.650572;1.058870;1.435732;0.999998;39.999205;43.649333;1.048791;1.269106;0.999998;0.000363;25.020573;1.011509;1.112174;0.999998;-0.000024;12.847175;1.070233;1.460070;0.999998;-0.003096;17.546474;1.096342;1.194864;
